     3.800     4.000     2.000     1.000     0.000     0.000     0.010     0.990     0.000     0.000     4.000
     3.000     3.000     2.500     2.750     0.003     0.000     0.000     0.000     0.997     0.000     5.000
     1.800     2.800     3.500     3.375     0.483     0.000     0.000     0.000     0.517     0.000     5.000
     1.400     1.000     2.750     2.750     0.000     1.000     0.000     0.000     0.000     0.000     2.000
     1.800     2.200     2.000     2.000     0.640     0.000     0.000     0.000     0.000     0.359     1.000
     1.600     1.600     2.750     1.875     0.000     0.048     0.000     0.000     0.000     0.952     6.000
     3.000     3.800     1.250     2.250     0.000     0.000     0.000     1.000     0.000     0.000     4.000
     2.600     2.200     2.000     2.000     0.664     0.000     0.000     0.000     0.001     0.336     1.000
     1.000     2.800     1.000     2.625     0.370     0.000     0.000     0.000     0.630     0.000     5.000
     2.200     2.000     1.000     1.750     0.085     0.000     0.000     0.000     0.000     0.915     6.000
     2.400     2.400     2.250     2.000     0.967     0.000     0.000     0.000     0.015     0.019     1.000
     2.600     3.000     2.000     1.500     0.002     0.000     0.000     0.000     0.998     0.000     5.000
     2.800     2.400     1.750     1.500     0.945     0.000     0.000     0.000     0.042     0.013     1.000
     3.600     1.600     2.250     3.125     0.000     0.007     0.000     0.000     0.000     0.993     6.000
     1.800     1.800     2.500     2.750     0.001     0.000     0.000     0.000     0.000     0.998     6.000
     2.200     2.400     3.000     2.250     0.968     0.000     0.000     0.000     0.007     0.026     1.000
     2.200     1.800     2.000     2.000     0.002     0.000     0.000     0.000     0.000     0.998     6.000
     1.800     2.400     2.000     2.000     0.974     0.000     0.000     0.000     0.007     0.019     1.000
     1.600     2.400     2.250     2.875     0.969     0.000     0.000     0.000     0.003     0.028     1.000
     2.200     3.000     1.000     2.250     0.003     0.000     0.000     0.000     0.997     0.000     5.000
     3.800     2.600     1.750     1.875     0.199     0.000     0.000     0.000     0.801     0.000     5.000
     4.200     3.000     1.250     1.714     0.000     0.000     0.000     0.000     1.000     0.000     5.000
     1.600     2.000     3.500     2.625     0.031     0.000     0.000     0.000     0.000     0.969     6.000
     1.400     2.400     2.000     2.000     0.976     0.000     0.000     0.000     0.004     0.020     1.000
     2.600     2.000     2.000     3.000     0.046     0.000     0.000     0.000     0.000     0.954     6.000
         *     3.000         *         *     0.004     0.000     0.000     0.000     0.996     0.000     5.000
     2.200     2.000     2.750     2.000     0.050     0.000     0.000     0.000     0.000     0.950     6.000
     1.800     2.000     2.250     1.500     0.063     0.000     0.000     0.000     0.000     0.937     6.000
     2.800     2.800     3.000     2.750     0.111     0.000     0.000     0.000     0.889     0.000     5.000
     2.000     3.600     1.250     1.000     0.000     0.000     0.000     0.989     0.011     0.000     4.000
     3.800     4.000     2.750     1.000     0.000     0.000     0.271     0.729     0.000     0.000     4.000
     2.400     2.600     2.500     2.000     0.751     0.000     0.000     0.000     0.248     0.001     1.000
     3.400     4.000     1.667     1.125     0.000     0.000     0.001     0.999     0.000     0.000     4.000
     4.800     4.000     4.000     1.000     0.000     0.000     0.998     0.002     0.000     0.000     3.000
     2.400     2.200     2.500     2.875     0.556     0.000     0.000     0.000     0.000     0.444     1.000
     2.800     3.000     1.000     2.250     0.001     0.000     0.000     0.000     0.999     0.000     5.000
     1.800     3.000     2.250     3.625     0.022     0.000     0.000     0.000     0.978     0.000     5.000
     1.600     2.400     2.500     2.125     0.973     0.000     0.000     0.000     0.004     0.023     1.000
     1.000     4.000     2.000     1.500     0.000     0.000     0.000     1.000     0.000     0.000     4.000
     1.000     2.000     3.000     2.000     0.040     0.000     0.000     0.000     0.000     0.960     6.000
     3.200     3.400     1.750     2.250     0.000     0.000     0.000     0.124     0.876     0.000     5.000
     2.400     2.000     1.750     2.250     0.061     0.000     0.000     0.000     0.000     0.939     6.000
     2.400     3.000     4.000     2.125     0.012     0.000     0.000     0.000     0.988     0.000     5.000
     2.600     3.000     2.250     2.000     0.003     0.000     0.000     0.000     0.997     0.000     5.000
     1.400     2.600     3.000     2.250     0.949     0.000     0.000     0.000     0.050     0.001     1.000
     2.800     3.000     4.000     2.286     0.007     0.000     0.000     0.000     0.993     0.000     5.000
     3.000     3.400     4.000     1.375     0.000     0.000     0.456     0.013     0.530     0.000     5.000
     2.000     3.400     1.750     1.500     0.000     0.000     0.000     0.113     0.887     0.000     5.000
     2.600     2.800     2.250     1.667     0.065     0.000     0.000     0.000     0.935     0.000     5.000
     1.800     1.600     3.750     2.286     0.000     0.064     0.000     0.000     0.000     0.936     6.000
     2.600     3.400     1.750     1.750     0.000     0.000     0.000     0.131     0.869     0.000     5.000
     2.800     3.200     1.250     1.125     0.000     0.000     0.000     0.002     0.998     0.000     5.000
     2.400     2.800     2.750     3.000     0.181     0.000     0.000     0.000     0.819     0.000     5.000
     3.200     3.000     2.667     2.250     0.002     0.000     0.000     0.000     0.998     0.000     5.000
     1.000     2.600     2.000     2.375     0.955     0.000     0.000     0.000     0.044     0.001     1.000
     3.200     3.000     1.000     2.625     0.001     0.000     0.000     0.000     0.999     0.000     5.000
     4.000     2.800     2.500     3.000     0.018     0.000     0.000     0.000     0.982     0.000     5.000
     3.000     3.000     2.000     2.625     0.002     0.000     0.000     0.000     0.998     0.000     5.000
     3.000     4.000     3.667     1.000     0.000     0.000     0.915     0.085     0.000     0.000     3.000
     2.400     3.000     3.000     2.875     0.010     0.000     0.000     0.000     0.990     0.000     5.000
     2.800     2.600     3.000     1.500     0.635     0.000     0.000     0.000     0.364     0.000     1.000
     3.000     3.000     2.750     2.125     0.003     0.000     0.000     0.000     0.997     0.000     5.000
     2.600     4.000     2.000     1.750     0.000     0.000     0.001     0.999     0.000     0.000     4.000
     3.000     2.000     2.750     2.000     0.055     0.000     0.000     0.000     0.000     0.945     6.000
     2.200     2.400     4.000     2.000     0.965     0.000     0.000     0.000     0.004     0.031     1.000
     3.400     4.000     2.500     2.000     0.000     0.000     0.018     0.982     0.000     0.000     4.000
     3.200     3.000     2.500     1.875     0.001     0.000     0.000     0.000     0.999     0.000     5.000
     3.400     3.750     1.250     2.143     0.000     0.000     0.000     1.000     0.000     0.000     4.000
     2.000     2.000     2.500     2.250     0.048     0.000     0.000     0.000     0.000     0.952     6.000
     3.400     3.800     1.000     1.250     0.000     0.000     0.000     1.000     0.000     0.000     4.000
     2.800     4.000     2.000     2.000     0.000     0.000     0.001     0.999     0.000     0.000     4.000
     2.000     3.000     1.000     1.750     0.004     0.000     0.000     0.000     0.996     0.000     5.000
     2.600     3.000     2.000     2.000     0.003     0.000     0.000     0.000     0.997     0.000     5.000
     3.500     2.800     2.000     3.286     0.033     0.000     0.000     0.000     0.967     0.000     5.000
     2.200     3.000     2.000     2.000     0.005     0.000     0.000     0.000     0.995     0.000     5.000
     1.000     2.600     1.500     1.857     0.929     0.000     0.000     0.000     0.071     0.001     1.000
     3.000     3.000     1.750     1.500     0.001     0.000     0.000     0.000     0.999     0.000     5.000
     2.200     1.000     3.250     1.250     0.000     1.000     0.000     0.000     0.000     0.000     2.000
     3.800     3.600     4.000     2.000     0.000     0.000     0.976     0.021     0.003     0.000     3.000
     2.000     3.000     3.000     2.000     0.012     0.000     0.000     0.000     0.988     0.000     5.000
     3.000     3.000     2.000     2.000     0.002     0.000     0.000     0.000     0.998     0.000     5.000
     3.400     3.000     1.000     1.250     0.000     0.000     0.000     0.000     1.000     0.000     5.000
     2.000     3.000     1.000     2.000     0.004     0.000     0.000     0.000     0.996     0.000     5.000
     1.000     2.200     2.500     2.286     0.559     0.000     0.000     0.000     0.000     0.441     1.000
     1.000     1.200     1.000     3.500     0.000     0.999     0.000     0.000     0.000     0.001     2.000
     2.400     3.600     2.000     1.875     0.000     0.000     0.000     0.958     0.041     0.000     4.000
     1.000     2.000     3.000     3.000     0.029     0.000     0.000     0.000     0.000     0.971     6.000
     1.000     1.000     4.000     4.000     0.000     1.000     0.000     0.000     0.000     0.000     2.000
     2.600     2.200     2.000     1.875     0.673     0.000     0.000     0.000     0.001     0.327     1.000
     4.000     3.000     2.250     1.000     0.000     0.000     0.000     0.000     1.000     0.000     5.000
         *     2.400         *         *     0.961     0.000     0.000     0.000     0.017     0.022     1.000
     3.800     3.600     1.000     1.000     0.000     0.000     0.000     0.997     0.003     0.000     4.000
     2.800     4.000     1.000     2.000     0.000     0.000     0.000     1.000     0.000     0.000     4.000
     3.000     4.000     1.000     1.000     0.000     0.000     0.000     1.000     0.000     0.000     4.000
     3.000     3.000     2.000     1.875     0.002     0.000     0.000     0.000     0.998     0.000     5.000
     3.000     2.600     2.000     2.000     0.492     0.000     0.000     0.000     0.508     0.000     5.000
     2.800     3.000     2.000     3.125     0.004     0.000     0.000     0.000     0.996     0.000     5.000
     2.600     2.800     2.000     2.000     0.066     0.000     0.000     0.000     0.934     0.000     5.000
     4.000     3.400     3.000     2.000     0.000     0.000     0.034     0.071     0.896     0.000     5.000
     2.000     2.600     1.750     2.625     0.830     0.000     0.000     0.000     0.170     0.001     1.000
     3.200     3.000     1.000     1.000     0.000     0.000     0.000     0.000     1.000     0.000     5.000
     3.000     2.400     2.000     2.375     0.948     0.000     0.000     0.000     0.034     0.018     1.000
     2.200     2.600     1.000     1.000     0.542     0.000     0.000     0.000     0.458     0.000     1.000
     2.500     2.600     2.000     2.125     0.681     0.000     0.000     0.000     0.319     0.000     1.000
     3.400     3.800     2.000     2.625     0.000     0.000     0.001     0.999     0.000     0.000     4.000
     2.600     3.200     1.000     3.000     0.000     0.000     0.000     0.000     0.999     0.000     5.000
     3.000     3.000     2.000     2.000     0.002     0.000     0.000     0.000     0.998     0.000     5.000
     2.800     3.000     2.000     1.750     0.002     0.000     0.000     0.000     0.998     0.000     5.000
     3.000     3.000     1.000     2.000     0.001     0.000     0.000     0.000     0.999     0.000     5.000
     2.800     3.000     2.000     2.250     0.002     0.000     0.000     0.000     0.998     0.000     5.000
         *     2.800         *         *     0.086     0.000     0.000     0.000     0.914     0.000     5.000
     2.800     2.600     1.750     1.000     0.420     0.000     0.000     0.000     0.580     0.000     5.000
     2.000     3.000     2.250     1.625     0.007     0.000     0.000     0.000     0.993     0.000     5.000
         *     2.200         *         *     0.601     0.000     0.000     0.000     0.000     0.398     1.000
     4.000     1.000     2.000     2.750     0.000     1.000     0.000     0.000     0.000     0.000     2.000
     1.400     2.200     1.500     1.000     0.731     0.000     0.000     0.000     0.000     0.269     1.000
     3.000     2.800     2.000     3.143     0.062     0.000     0.000     0.000     0.938     0.000     5.000
     1.400     1.600     3.500     2.500     0.000     0.079     0.000     0.000     0.000     0.921     6.000
     2.400     2.400     2.000     2.000     0.966     0.000     0.000     0.000     0.017     0.017     1.000
     3.000     3.000     2.000     2.750     0.002     0.000     0.000     0.000     0.998     0.000     5.000
     2.800     2.600     2.250     3.000     0.699     0.000     0.000     0.000     0.300     0.001     1.000
     3.400     1.200     3.000     2.250     0.000     0.997     0.000     0.000     0.000     0.003     2.000
     2.000     3.000     2.000     2.000     0.007     0.000     0.000     0.000     0.993     0.000     5.000
     3.400     4.000     2.500     1.429     0.000     0.000     0.036     0.964     0.000     0.000     4.000
     3.200     3.000     1.750     1.750     0.001     0.000     0.000     0.000     0.999     0.000     5.000
     3.200     3.000     2.000     2.000     0.001     0.000     0.000     0.000     0.999     0.000     5.000
     2.600     2.200     2.000     2.375     0.635     0.000     0.000     0.000     0.001     0.364     1.000
     3.600     2.800     1.000     2.375     0.011     0.000     0.000     0.000     0.989     0.000     5.000
     3.400     2.000     2.750     3.625     0.034     0.000     0.000     0.000     0.000     0.966     6.000
     2.800     3.000     2.000     2.375     0.003     0.000     0.000     0.000     0.997     0.000     5.000
     1.000     1.000     3.250     2.625     0.000     1.000     0.000     0.000     0.000     0.000     2.000
     2.200     3.400     1.250     3.625     0.000     0.000     0.000     0.035     0.965     0.000     5.000
     2.600     3.000     2.000     2.750     0.004     0.000     0.000     0.000     0.996     0.000     5.000
     2.600     4.000     2.000     1.000     0.000     0.000     0.002     0.998     0.000     0.000     4.000
     2.800     3.000     2.000     1.875     0.002     0.000     0.000     0.000     0.998     0.000     5.000
         *         *     2.000     1.250     0.106     0.017     0.001     0.277     0.548     0.051     5.000
     2.200     2.600     2.000     1.000     0.665     0.000     0.000     0.000     0.334     0.000     1.000
     2.200     2.800     2.000     2.000     0.113     0.000     0.000     0.000     0.887     0.000     5.000
     3.000     2.600     2.000     2.000     0.492     0.000     0.000     0.000     0.508     0.000     5.000
     2.250     3.200     2.000     2.000     0.000     0.000     0.000     0.000     1.000     0.000     5.000
     1.000     1.600     1.750         *     0.000     0.051     0.000     0.000     0.000     0.949     6.000
     2.600     1.000     1.500     2.375     0.000     1.000     0.000     0.000     0.000     0.000     2.000
     1.600     2.400     2.000     2.000     0.975     0.000     0.000     0.000     0.005     0.019     1.000
     3.500     2.800     2.250     2.000     0.021     0.000     0.000     0.000     0.979     0.000     5.000
     3.400     2.800     1.750     2.125     0.020     0.000     0.000     0.000     0.980     0.000     5.000
     1.800     3.000         *     2.500     0.013     0.000     0.000     0.000     0.987     0.000     5.000
     3.000     3.000     2.000     1.875     0.002     0.000     0.000     0.000     0.998     0.000     5.000
     2.400     2.800     2.750     2.375     0.143     0.000     0.000     0.000     0.857     0.000     5.000
     4.800     2.800     1.500     2.500     0.003     0.000     0.000     0.000     0.997     0.000     5.000
     2.800     2.800     2.000     1.375     0.038     0.000     0.000     0.000     0.962     0.000     5.000
     2.600     2.000     1.000     1.750     0.089     0.000     0.000     0.000     0.000     0.911     6.000
     3.000     3.000     4.000     2.000     0.005     0.000     0.000     0.000     0.995     0.000     5.000
     2.800     2.600     2.000     2.000     0.565     0.000     0.000     0.000     0.435     0.000     1.000
     1.400     2.000     2.750     2.125     0.043     0.000     0.000     0.000     0.000     0.957     6.000
         *         *     1.000         *     0.085     0.009     0.000     0.378     0.484     0.044     5.000
     3.000     2.800     2.000     2.000     0.038     0.000     0.000     0.000     0.962     0.000     5.000
     2.600     2.000     2.750     2.750     0.041     0.000     0.000     0.000     0.000     0.959     6.000
     2.600     3.000     3.000     1.875     0.005     0.000     0.000     0.000     0.995     0.000     5.000
     3.200     2.400     2.000     2.143     0.935     0.000     0.000     0.000     0.050     0.016     1.000
     3.000     3.000     2.500     1.500     0.002     0.000     0.000     0.000     0.998     0.000     5.000
     3.000     2.000     2.000     4.000     0.035     0.000     0.000     0.000     0.000     0.965     6.000
     4.400     1.400     4.000     2.375     0.000     0.592     0.000     0.000     0.000     0.408     2.000
     3.000     2.600     2.000     2.375     0.534     0.000     0.000     0.000     0.465     0.000     1.000
     2.600     3.000     2.000     2.500     0.004     0.000     0.000     0.000     0.996     0.000     5.000
     2.400     3.200     1.000     2.375     0.000     0.000     0.000     0.001     0.999     0.000     5.000
     2.200     3.000     2.000     2.000     0.005     0.000     0.000     0.000     0.995     0.000     5.000
     2.800     2.800     2.000     2.500     0.062     0.000     0.000     0.000     0.938     0.000     5.000
     2.200     2.600     1.250     1.750     0.654     0.000     0.000     0.000     0.346     0.000     1.000
     3.400     3.000     2.000     2.625     0.001     0.000     0.000     0.000     0.999     0.000     5.000
     3.800     2.800     2.000     3.000     0.019     0.000     0.000     0.000     0.981     0.000     5.000
     2.000     2.000     2.000     2.000     0.059     0.000     0.000     0.000     0.000     0.941     6.000
     3.000     2.000     3.000     1.857     0.054     0.000     0.000     0.000     0.000     0.946     6.000
     4.400     2.800     2.250     1.625     0.005     0.000     0.000     0.000     0.995     0.000     5.000
     2.800     4.000     1.000     1.500     0.000     0.000     0.000     1.000     0.000     0.000     4.000
     1.400     2.000     2.000     3.750     0.032     0.000     0.000     0.000     0.000     0.968     6.000
     3.400     4.000     2.000     1.750     0.000     0.000     0.002     0.998     0.000     0.000     4.000
     2.800     2.800     1.250     2.750     0.048     0.000     0.000     0.000     0.952     0.000     5.000
     2.200     3.000     2.000     2.250     0.006     0.000     0.000     0.000     0.994     0.000     5.000
     2.800     3.800     2.500     1.750     0.000     0.000     0.011     0.989     0.000     0.000     4.000
     2.400     2.800     3.000     2.375     0.160     0.000     0.000     0.000     0.840     0.000     5.000
     2.000     2.400     3.500     2.625     0.963     0.000     0.000     0.000     0.003     0.034     1.000
     3.000     2.400     3.000     3.000     0.956     0.000     0.000     0.000     0.015     0.029     1.000
     2.800     3.000     2.000     3.125     0.004     0.000     0.000     0.000     0.996     0.000     5.000
     3.000     1.600     2.750     2.250     0.000     0.015     0.000     0.000     0.000     0.985     6.000
     2.800     2.400     3.000     2.286     0.960     0.000     0.000     0.000     0.016     0.024     1.000
     3.000     1.400     2.250     2.625     0.000     0.684     0.000     0.000     0.000     0.316     2.000
     2.800     2.800     1.750     2.875     0.065     0.000     0.000     0.000     0.935     0.000     5.000
     2.200     2.600     2.000     2.000     0.758     0.000     0.000     0.000     0.242     0.000     1.000
     2.600     3.200     3.000     2.750     0.000     0.000     0.000     0.000     1.000     0.000     5.000
     2.000     2.200     3.000     2.000     0.580     0.000     0.000     0.000     0.000     0.420     1.000
     2.200     2.000     1.000     2.000     0.079     0.000     0.000     0.000     0.000     0.921     6.000
     3.600     2.600     3.500     2.250     0.495     0.000     0.000     0.000     0.504     0.000     5.000
     3.200     3.000     1.000     2.000     0.001     0.000     0.000     0.000     0.999     0.000     5.000
     3.200     3.000     1.500     1.750     0.001     0.000     0.000     0.000     0.999     0.000     5.000
     2.000     2.600     2.750     2.000     0.861     0.000     0.000     0.000     0.139     0.001     1.000
     3.200     2.600     2.000     2.625     0.489     0.000     0.000     0.000     0.510     0.000     5.000
     2.200     2.000     3.000     2.000     0.046     0.000     0.000     0.000     0.000     0.954     6.000
     3.400     4.000     2.500     2.750     0.000     0.000     0.007     0.993     0.000     0.000     4.000
     2.000     2.600     2.500     1.750     0.829     0.000     0.000     0.000     0.170     0.001     1.000
     2.800     3.000     2.000     2.000     0.002     0.000     0.000     0.000     0.998     0.000     5.000
     3.400     3.800     1.500     2.000     0.000     0.000     0.000     1.000     0.000     0.000     4.000
     3.800     3.000     1.000     1.000     0.000     0.000     0.000     0.000     1.000     0.000     5.000
     3.400     3.000     3.000     2.375     0.002     0.000     0.000     0.000     0.998     0.000     5.000
     2.600     3.400     1.750     2.875     0.000     0.000     0.000     0.052     0.948     0.000     5.000
     3.000     3.800     2.000     2.000     0.000     0.000     0.001     0.999     0.000     0.000     4.000
     2.600     3.000     3.000     2.000     0.005     0.000     0.000     0.000     0.995     0.000     5.000
     3.000     3.000     2.000     3.000     0.003     0.000     0.000     0.000     0.997     0.000     5.000
     1.600     1.000     4.000     2.000     0.000     1.000     0.000     0.000     0.000     0.000     2.000
     2.200     2.800     2.000     3.000     0.168     0.000     0.000     0.000     0.832     0.000     5.000
     2.600     2.800     2.000     2.750     0.091     0.000     0.000     0.000     0.909     0.000     5.000
     4.000     4.000     1.000     1.750     0.000     0.000     0.000     1.000     0.000     0.000     4.000
     4.000     4.000     1.000     1.625     0.000     0.000     0.000     1.000     0.000     0.000     4.000
     3.400     3.800     2.000     3.000     0.000     0.000     0.000     0.999     0.000     0.000     4.000
     3.000     3.000     1.750     2.750     0.002     0.000     0.000     0.000     0.998     0.000     5.000
     3.400     3.400     2.000     1.571     0.000     0.000     0.001     0.185     0.814     0.000     5.000
     3.000     3.000     2.000     2.000     0.002     0.000     0.000     0.000     0.998     0.000     5.000
     2.200     3.000     2.000     3.000     0.008     0.000     0.000     0.000     0.992     0.000     5.000
     3.000     3.000     2.000         *     0.002     0.000     0.000     0.000     0.998     0.000     5.000
     3.400     4.000     1.000     1.125     0.000     0.000     0.000     1.000     0.000     0.000     4.000
     2.500     3.000     2.000     2.000     0.003     0.000     0.000     0.000     0.997     0.000     5.000
     2.400     3.000     2.000     2.000     0.004     0.000     0.000     0.000     0.996     0.000     5.000
     3.600     4.000     1.500     3.000     0.000     0.000     0.000     1.000     0.000     0.000     4.000
     3.400     3.600     1.000     1.625     0.000     0.000     0.000     0.994     0.006     0.000     4.000
     3.400     3.000     2.500     1.875     0.001     0.000     0.000     0.000     0.999     0.000     5.000
     3.000     2.600     2.000     3.000     0.603     0.000     0.000     0.000     0.396     0.000     1.000
         *     2.200     2.500     2.250     0.600     0.000     0.000     0.000     0.000     0.400     1.000
     2.800     3.000     2.750     1.750     0.003     0.000     0.000     0.000     0.997     0.000     5.000
     3.000     2.800     2.250     1.375     0.033     0.000     0.000     0.000     0.967     0.000     5.000
     4.000     3.600     1.000     2.250     0.000     0.000     0.000     0.993     0.007     0.000     4.000
     3.400     4.000     1.000     1.500     0.000     0.000     0.000     1.000     0.000     0.000     4.000
     3.000     2.800     2.000     2.000     0.038     0.000     0.000     0.000     0.962     0.000     5.000
     3.800     4.000     4.000     1.375     0.000     0.000     0.990     0.010     0.000     0.000     3.000
     3.200     3.000     2.000     2.000     0.001     0.000     0.000     0.000     0.999     0.000     5.000
     3.600     4.000     2.000     1.000     0.000     0.000     0.007     0.993     0.000     0.000     4.000
         *     3.800     1.000     1.500     0.000     0.000     0.000     1.000     0.000     0.000     4.000
     2.600     3.000     3.000     2.500     0.006     0.000     0.000     0.000     0.994     0.000     5.000
     3.200     4.000     1.000     1.000     0.000     0.000     0.000     1.000     0.000     0.000     4.000
     2.800     4.000     1.000     1.250     0.000     0.000     0.000     1.000     0.000     0.000     4.000
     2.200     3.600     2.500     1.250     0.000     0.000     0.009     0.946     0.045     0.000     4.000
     2.200     2.800     1.250     1.750     0.072     0.000     0.000     0.000     0.928     0.000     5.000
     4.800     4.000     1.000     1.125     0.000     0.000     0.000     1.000     0.000     0.000     4.000
     3.600     3.400     1.000     1.375     0.000     0.000     0.000     0.472     0.528     0.000     5.000
     2.600     3.000     2.000     1.750     0.003     0.000     0.000     0.000     0.997     0.000     5.000
     1.800     2.400     3.500     1.750     0.970     0.000     0.000     0.000     0.004     0.026     1.000
     3.200     3.400     2.500     1.500     0.000     0.000     0.003     0.111     0.886     0.000     5.000
     3.200     3.800     2.500     3.500     0.000     0.000     0.002     0.997     0.001     0.000     4.000
     3.200     3.200     2.000     2.250     0.000     0.000     0.000     0.000     1.000     0.000     5.000
     2.200     3.000     2.000     2.000     0.005     0.000     0.000     0.000     0.995     0.000     5.000
     2.000     1.600     1.000     2.750     0.000     0.016     0.000     0.000     0.000     0.984     6.000
     2.400     3.000     2.000     2.000     0.004     0.000     0.000     0.000     0.996     0.000     5.000
     1.600     1.000     2.000     2.250     0.000     1.000     0.000     0.000     0.000     0.000     2.000
     1.000     2.750     2.000     2.000     0.623     0.000     0.000     0.000     0.377     0.000     1.000
     2.600     2.200     1.500     1.875     0.703     0.000     0.000     0.000     0.001     0.296     1.000
     3.800     3.000     3.000     2.500     0.001     0.000     0.000     0.000     0.999     0.000     5.000
     3.000     2.750     2.000     1.125     0.056     0.000     0.000     0.000     0.944     0.000     5.000
     2.800     3.400     1.000     2.125     0.000     0.000     0.000     0.213     0.787     0.000     5.000
     3.000     3.000     1.500     1.625     0.001     0.000     0.000     0.000     0.999     0.000     5.000
     1.400     1.600     4.000     2.375     0.000     0.097     0.000     0.000     0.000     0.903     6.000
     2.600     3.000     1.250     1.000     0.001     0.000     0.000     0.000     0.999     0.000     5.000
     1.600     2.600     2.000     2.375     0.899     0.000     0.000     0.000     0.100     0.001     1.000
     2.400     2.800     1.750     1.875     0.073     0.000     0.000     0.000     0.927     0.000     5.000
     3.000     2.800     2.500     2.125     0.052     0.000     0.000     0.000     0.948     0.000     5.000
     2.600     2.200     2.000     3.000     0.586     0.000     0.000     0.000     0.000     0.414     1.000
     3.200     3.200     1.750     1.875     0.000     0.000     0.000     0.001     0.999     0.000     5.000
     3.600     3.000     2.000     1.000     0.000     0.000     0.000     0.000     1.000     0.000     5.000
     2.000     3.000     3.000     3.500     0.023     0.000     0.000     0.000     0.977     0.000     5.000
     2.800     3.000     2.500     1.500     0.002     0.000     0.000     0.000     0.998     0.000     5.000
     2.250     3.200     3.000     1.875     0.000     0.000     0.000     0.000     1.000     0.000     5.000
     1.000     1.000     1.000     2.000     0.000     1.000     0.000     0.000     0.000     0.000     2.000
     2.800     3.000     2.000     2.125     0.002     0.000     0.000     0.000     0.998     0.000     5.000
     2.800     2.400     2.250     2.000     0.956     0.000     0.000     0.000     0.026     0.017     1.000
     1.000     1.000     4.000     4.000     0.000     1.000     0.000     0.000     0.000     0.000     2.000
     3.000     4.000     1.000         *     0.000     0.000     0.000     1.000     0.000     0.000     4.000
     2.800     4.000     1.000     2.250     0.000     0.000     0.000     1.000     0.000     0.000     4.000
     1.000     1.000     4.000     3.875     0.000     1.000     0.000     0.000     0.000     0.000     2.000
     3.800     3.000     1.000     2.625     0.000     0.000     0.000     0.000     1.000     0.000     5.000
     3.200     3.800     1.750     2.143     0.000     0.000     0.000     1.000     0.000     0.000     4.000
     2.400     2.800     1.500     2.875     0.099     0.000     0.000     0.000     0.901     0.000     5.000
     1.200     1.800     3.250     2.875     0.001     0.001     0.000     0.000     0.000     0.998     6.000
     3.200     4.000     1.000     1.375     0.000     0.000     0.000     1.000     0.000     0.000     4.000
     2.000     3.400     1.000     1.125     0.000     0.000     0.000     0.284     0.716     0.000     5.000
     3.000     4.000     2.000     2.000     0.000     0.000     0.001     0.999     0.000     0.000     4.000
     1.400     2.800     1.250     1.625     0.191     0.000     0.000     0.000     0.809     0.000     5.000
     3.600     3.800     2.000     2.000     0.000     0.000     0.002     0.998     0.000     0.000     4.000
     2.600     3.200     2.250     1.250     0.000     0.000     0.000     0.001     0.999     0.000     5.000
     4.000     4.000     1.000     1.375     0.000     0.000     0.000     1.000     0.000     0.000     4.000
     3.400     3.200     2.000     1.750     0.000     0.000     0.000     0.001     0.999     0.000     5.000
     1.000     1.000     4.000     2.125     0.000     1.000     0.000     0.000     0.000     0.000     2.000
     2.000     4.000     1.000     2.250     0.000     0.000     0.000     1.000     0.000     0.000     4.000
     2.800     2.000     2.500     1.750     0.062     0.000     0.000     0.000     0.000     0.938     6.000
     3.000     3.000     4.000     3.000     0.007     0.000     0.000     0.000     0.993     0.000     5.000
     3.000     3.000     2.000     2.000     0.002     0.000     0.000     0.000     0.998     0.000     5.000
     2.000     2.600     3.000     1.750     0.863     0.000     0.000     0.000     0.137     0.001     1.000
     2.600     3.400     1.000     2.125     0.000     0.000     0.000     0.192     0.808     0.000     5.000
     3.200     3.800     1.000     2.750     0.000     0.000     0.000     1.000     0.000     0.000     4.000
     1.400     2.000     3.000     2.500     0.036     0.000     0.000     0.000     0.000     0.964     6.000
     2.000     1.800     3.000     4.000     0.001     0.000     0.000     0.000     0.000     0.999     6.000
     3.600     3.400     2.000     1.000     0.000     0.000     0.002     0.301     0.696     0.000     5.000
     3.800     3.400     1.000     1.625     0.000     0.000     0.000     0.448     0.552     0.000     5.000
     3.000     3.000     2.500     3.500     0.004     0.000     0.000     0.000     0.996     0.000     5.000
     1.400     2.200     2.500     2.750     0.534     0.000     0.000     0.000     0.000     0.466     1.000
     3.800     2.800     2.500     3.000     0.024     0.000     0.000     0.000     0.976     0.000     5.000
     3.000     2.000     1.250     1.625     0.091     0.000     0.000     0.000     0.000     0.909     6.000
     3.000     3.000     2.000     2.000     0.002     0.000     0.000     0.000     0.998     0.000     5.000
     1.600     2.600     2.500     1.500     0.886     0.000     0.000     0.000     0.113     0.001     1.000
     3.000     2.800     2.000     2.000     0.038     0.000     0.000     0.000     0.962     0.000     5.000
     3.000     2.400     2.500     2.750     0.955     0.000     0.000     0.000     0.022     0.023     1.000
     3.000     2.600     2.500     2.625     0.625     0.000     0.000     0.000     0.375     0.001     1.000
     3.000     4.000     2.750     1.250     0.000     0.000     0.085     0.915     0.000     0.000     4.000
     1.400     3.000     4.000     1.750     0.041     0.000     0.000     0.000     0.959     0.000     5.000
     2.800     3.000     1.250     2.875     0.002     0.000     0.000     0.000     0.998     0.000     5.000
     2.600     2.800     2.750     1.500     0.077     0.000     0.000     0.000     0.923     0.000     5.000
     2.600     4.000     2.000     2.000     0.000     0.000     0.001     0.999     0.000     0.000     4.000
     2.000     2.400     2.750     1.750     0.972     0.000     0.000     0.000     0.007     0.021     1.000
     2.600     2.200     2.000     2.375     0.635     0.000     0.000     0.000     0.001     0.364     1.000
     3.000     3.000     1.000     1.500     0.001     0.000     0.000     0.000     0.999     0.000     5.000
     2.600     3.000     2.000     1.250     0.002     0.000     0.000     0.000     0.998     0.000     5.000
     1.600     1.800     2.500     1.500     0.002     0.000     0.000     0.000     0.000     0.998     6.000
     3.400     3.000     2.500     2.625     0.002     0.000     0.000     0.000     0.998     0.000     5.000
     4.600     4.000     1.000     1.000     0.000     0.000     0.000     1.000     0.000     0.000     4.000
     3.200     3.000     2.000     2.000     0.001     0.000     0.000     0.000     0.999     0.000     5.000
     1.800     1.200     3.000     2.000     0.000     0.999     0.000     0.000     0.000     0.001     2.000
     1.800     2.600     2.000     2.250     0.863     0.000     0.000     0.000     0.137     0.001     1.000
     1.000     2.400     2.250     4.000     0.957     0.000     0.000     0.000     0.001     0.043     1.000
     1.600     3.000     1.500     1.125     0.006     0.000     0.000     0.000     0.994     0.000     5.000
     1.000     2.400     2.750     4.000     0.951     0.000     0.000     0.000     0.001     0.049     1.000
     3.000     2.800     3.000     2.625     0.081     0.000     0.000     0.000     0.919     0.000     5.000
     3.000     4.000     2.000     1.000     0.000     0.000     0.003     0.997     0.000     0.000     4.000
     3.000     3.000     2.750     2.500     0.003     0.000     0.000     0.000     0.997     0.000     5.000
     3.400     3.600     1.250     2.500     0.000     0.000     0.000     0.982     0.018     0.000     4.000
     2.800     3.000     2.500     1.875     0.003     0.000     0.000     0.000     0.997     0.000     5.000
     2.600     2.800     3.000     2.375     0.124     0.000     0.000     0.000     0.876     0.000     5.000
     2.250     2.400     2.500     3.125     0.964     0.000     0.000     0.000     0.006     0.029     1.000
     2.600     3.000         *     2.000     0.003     0.000     0.000     0.000     0.997     0.000     5.000
         *     2.500         *         *     0.916     0.000     0.000     0.000     0.080     0.004     1.000
     1.800     2.400     2.500     2.125     0.972     0.000     0.000     0.000     0.005     0.023     1.000
     2.600     2.500     2.500     2.250     0.923     0.000     0.000     0.000     0.074     0.004     1.000
     3.600     3.800     2.000     2.000     0.000     0.000     0.002     0.998     0.000     0.000     4.000
     2.800     3.000     2.750     3.250     0.006     0.000     0.000     0.000     0.994     0.000     5.000
     3.000     3.000     2.000     1.000     0.001     0.000     0.000     0.000     0.999     0.000     5.000
     2.600     4.000     1.000     2.125     0.000     0.000     0.000     1.000     0.000     0.000     4.000
     1.800     3.000         *         *     0.011     0.000     0.000     0.000     0.989     0.000     5.000
     2.200     2.800     2.500     3.125     0.216     0.000     0.000     0.000     0.784     0.000     5.000
     3.600     4.000     4.000     1.286     0.000     0.000     0.988     0.012     0.000     0.000     3.000
     1.000     2.600     1.000     2.500     0.931     0.000     0.000     0.000     0.069     0.001     1.000
     2.000     3.400     3.000     2.375     0.000     0.000     0.000     0.015     0.985     0.000     5.000
     2.200     2.400     2.750     1.750     0.970     0.000     0.000     0.000     0.010     0.020     1.000
     2.000     2.600     2.250     1.875     0.818     0.000     0.000     0.000     0.181     0.001     1.000
     2.200     1.800     2.000     2.375     0.002     0.000     0.000     0.000     0.000     0.998     6.000
     2.200     3.400     2.500     2.625     0.000     0.000     0.000     0.023     0.977     0.000     5.000
     3.400     4.000     2.000     2.500     0.000     0.000     0.001     0.999     0.000     0.000     4.000
     2.600     2.800     2.250     1.375     0.058     0.000     0.000     0.000     0.942     0.000     5.000
     3.000     3.400     2.000     2.000     0.000     0.000     0.000     0.107     0.893     0.000     5.000
     5.000     2.000     2.500     2.375     0.066     0.000     0.000     0.000     0.000     0.934     6.000
     1.400     2.200     2.000     2.000     0.629     0.000     0.000     0.000     0.000     0.371     1.000
     4.000     3.000     2.000     3.000     0.001     0.000     0.000     0.000     0.999     0.000     5.000
     1.800     1.200     1.250     2.125     0.000     0.999     0.000     0.000     0.000     0.001     2.000
     1.000     1.000     1.250     2.875     0.000     1.000     0.000     0.000     0.000     0.000     2.000
     3.200     2.400     2.000     2.286     0.937     0.000     0.000     0.000     0.047     0.017     1.000
     2.600     2.800     1.750     2.000     0.059     0.000     0.000     0.000     0.941     0.000     5.000
     2.600     3.000     1.750     2.500     0.003     0.000     0.000     0.000     0.997     0.000     5.000
     3.600     3.000     1.000     1.750     0.000     0.000     0.000     0.000     1.000     0.000     5.000
     2.000     2.000     2.000     2.000     0.059     0.000     0.000     0.000     0.000     0.941     6.000
     4.000     3.200     1.000     1.000     0.000     0.000     0.000     0.006     0.994     0.000     5.000
     2.600     3.000     2.000     2.375     0.003     0.000     0.000     0.000     0.997     0.000     5.000
     1.000     3.000     2.000     1.000     0.019     0.000     0.000     0.000     0.981     0.000     5.000
     4.200     2.800     2.000     3.000     0.011     0.000     0.000     0.000     0.989     0.000     5.000
     3.000     3.000     2.000     2.000     0.002     0.000     0.000     0.000     0.998     0.000     5.000
     2.600     3.000     2.000     2.000     0.003     0.000     0.000     0.000     0.997     0.000     5.000
     3.400     3.200     1.750     1.750     0.000     0.000     0.000     0.001     0.999     0.000     5.000
     3.000     3.000     2.000     2.000     0.002     0.000     0.000     0.000     0.998     0.000     5.000
         *     3.400         *         *     0.000     0.000     0.010     0.128     0.862     0.000     5.000
     3.000     3.000     2.000     2.000     0.002     0.000     0.000     0.000     0.998     0.000     5.000
     3.000     3.000     2.000     2.750     0.002     0.000     0.000     0.000     0.998     0.000     5.000
     3.000     3.000     2.000     2.625     0.002     0.000     0.000     0.000     0.998     0.000     5.000
     3.800     3.000     2.000     1.625     0.000     0.000     0.000     0.000     1.000     0.000     5.000
     3.000     3.000     1.000     2.625     0.001     0.000     0.000     0.000     0.999     0.000     5.000
     3.000     3.000     2.000     1.125     0.001     0.000     0.000     0.000     0.999     0.000     5.000
     2.200     2.400     1.000     2.250     0.967     0.000     0.000     0.000     0.019     0.015     1.000
     2.000     3.000     2.000     2.375     0.008     0.000     0.000     0.000     0.992     0.000     5.000
     3.600     2.600     2.500     2.875     0.436     0.000     0.000     0.000     0.563     0.000     5.000
     2.800     2.800     3.000     2.375     0.096     0.000     0.000     0.000     0.904     0.000     5.000
     2.200     2.400     2.250     2.250     0.969     0.000     0.000     0.000     0.010     0.021     1.000
     3.000     2.600     2.000     2.375     0.534     0.000     0.000     0.000     0.465     0.000     1.000
     2.400     3.600     1.250     1.125     0.000     0.000     0.000     0.990     0.010     0.000     4.000
     3.200     3.000     1.000     1.375     0.001     0.000     0.000     0.000     0.999     0.000     5.000
         *     1.600     3.000     3.375     0.000     0.040     0.000     0.000     0.000     0.960     6.000
     2.600     2.400     2.250     2.125     0.963     0.000     0.000     0.000     0.019     0.019     1.000
     3.000     3.000     2.750     1.875     0.002     0.000     0.000     0.000     0.998     0.000     5.000
     2.600     2.800     2.750     2.625     0.122     0.000     0.000     0.000     0.878     0.000     5.000
     2.800     3.600     1.000     1.750     0.000     0.000     0.000     0.990     0.010     0.000     4.000
     4.000     4.000     1.000     1.625     0.000     0.000     0.000     1.000     0.000     0.000     4.000
     3.000     2.600     3.250     1.500     0.597     0.000     0.000     0.000     0.403     0.000     1.000
     2.200     3.400     1.000     3.500     0.000     0.000     0.000     0.051     0.949     0.000     5.000
     3.200     3.000     2.000     2.000     0.001     0.000     0.000     0.000     0.999     0.000     5.000
     3.200     3.000     2.000     2.500     0.002     0.000     0.000     0.000     0.998     0.000     5.000
     3.000     3.000     2.250     2.000     0.002     0.000     0.000     0.000     0.998     0.000     5.000
     3.000     3.000     2.750     1.750     0.002     0.000     0.000     0.000     0.998     0.000     5.000
     2.800     4.000     2.000     2.625     0.000     0.000     0.000     1.000     0.000     0.000     4.000
     4.000     4.000     1.000     2.125     0.000     0.000     0.000     1.000     0.000     0.000     4.000
     1.500     2.400     2.500     3.250     0.964     0.000     0.000     0.000     0.002     0.034     1.000
     2.200     2.400     3.000     3.500     0.958     0.000     0.000     0.000     0.004     0.038     1.000
     3.000     3.400     1.000     2.500     0.000     0.000     0.000     0.180     0.820     0.000     5.000
     3.400     3.000     2.000     1.125     0.001     0.000     0.000     0.000     0.999     0.000     5.000
     2.600     1.800     2.000     2.625     0.002     0.000     0.000     0.000     0.000     0.998     6.000
     2.800     3.000     1.250     2.000     0.001     0.000     0.000     0.000     0.999     0.000     5.000
     1.400     4.000     1.000     1.500     0.000     0.000     0.000     1.000     0.000     0.000     4.000
     2.000     3.600     1.000     2.125     0.000     0.000     0.000     0.976     0.024     0.000     4.000
     3.000     3.000     1.000     2.125     0.001     0.000     0.000     0.000     0.999     0.000     5.000
     2.200     3.000     2.750     1.875     0.007     0.000     0.000     0.000     0.993     0.000     5.000
     1.800     2.200     2.000     2.000     0.640     0.000     0.000     0.000     0.000     0.359     1.000
     3.600     4.000     1.750     1.625     0.000     0.000     0.001     0.999     0.000     0.000     4.000
     2.600     2.800     2.500     1.500     0.069     0.000     0.000     0.000     0.931     0.000     5.000
     3.000     2.800     2.750     2.875     0.080     0.000     0.000     0.000     0.920     0.000     5.000
     2.400     3.000     2.750     2.625     0.008     0.000     0.000     0.000     0.992     0.000     5.000
     1.800     3.000     2.000     2.857     0.014     0.000     0.000     0.000     0.986     0.000     5.000
     4.000     3.000     4.000     2.000     0.001     0.000     0.000     0.000     0.999     0.000     5.000
     2.200     3.000     2.000     2.000     0.005     0.000     0.000     0.000     0.995     0.000     5.000
     2.000     1.000     2.000     2.000     0.000     1.000     0.000     0.000     0.000     0.000     2.000
     1.600     2.000     2.000     1.875     0.059     0.000     0.000     0.000     0.000     0.941     6.000
     3.200     3.000     1.750     2.125     0.001     0.000     0.000     0.000     0.999     0.000     5.000
     3.600     2.600     2.000     3.375     0.428     0.000     0.000     0.000     0.572     0.000     5.000
     1.600     3.800     2.250     1.714     0.000     0.000     0.001     0.999     0.000     0.000     4.000
     3.400     1.800     2.500     2.750     0.002     0.000     0.000     0.000     0.000     0.998     6.000
     3.400     3.000     2.333     2.000     0.001     0.000     0.000     0.000     0.999     0.000     5.000
     2.400     2.800     2.250     1.750     0.088     0.000     0.000     0.000     0.912     0.000     5.000
     2.800     3.000     2.000     1.429     0.002     0.000     0.000     0.000     0.998     0.000     5.000
     3.200     4.000     2.000     2.000     0.000     0.000     0.001     0.999     0.000     0.000     4.000
     3.250     3.200     2.250     1.500     0.000     0.000     0.000     0.001     0.999     0.000     5.000
     3.000     4.000     1.000     2.375     0.000     0.000     0.000     1.000     0.000     0.000     4.000
     2.000     2.800     1.000     2.125     0.097     0.000     0.000     0.000     0.903     0.000     5.000
     3.200     4.000     2.000     2.375     0.000     0.000     0.001     0.999     0.000     0.000     4.000
     3.800     3.200     2.000     2.625     0.000     0.000     0.000     0.000     1.000     0.000     5.000
     2.400     2.000     2.250     3.125     0.041     0.000     0.000     0.000     0.000     0.959     6.000
     2.600     1.000     2.250     2.000     0.000     1.000     0.000     0.000     0.000     0.000     2.000
     3.400     3.800     3.000     1.125     0.000     0.000     0.385     0.615     0.000     0.000     4.000
     1.600     2.000     2.250     1.000     0.072     0.000     0.000     0.000     0.000     0.928     6.000
     2.000     1.200     3.750     2.125     0.000     0.999     0.000     0.000     0.000     0.001     2.000
     1.800     1.800     3.000     2.125     0.002     0.000     0.000     0.000     0.000     0.998     6.000
     1.600     3.000     1.500     1.714     0.008     0.000     0.000     0.000     0.992     0.000     5.000
     2.200     2.400     1.250     2.250     0.968     0.000     0.000     0.000     0.017     0.016     1.000
     1.600     2.000     2.750     1.750     0.050     0.000     0.000     0.000     0.000     0.950     6.000
     3.000     2.800     2.000     1.000     0.025     0.000     0.000     0.000     0.975     0.000     5.000
     3.000     3.000     4.000     2.000     0.005     0.000     0.000     0.000     0.995     0.000     5.000
     2.400     2.400     4.000     2.500     0.960     0.000     0.000     0.000     0.005     0.036     1.000
     3.800     3.000     2.000     2.500     0.001     0.000     0.000     0.000     0.999     0.000     5.000
     2.600     2.800     3.000     3.000     0.158     0.000     0.000     0.000     0.842     0.000     5.000
     1.400     1.400     2.000     2.375     0.000     0.884     0.000     0.000     0.000     0.116     2.000
     3.400     4.000     2.000     1.125     0.000     0.000     0.005     0.995     0.000     0.000     4.000
     3.200     3.000     2.750     1.857     0.002     0.000     0.000     0.000     0.998     0.000     5.000
     1.000     1.000     3.000     1.250     0.000     1.000     0.000     0.000     0.000     0.000     2.000
     3.400     3.200     2.250     2.125     0.000     0.000     0.000     0.000     1.000     0.000     5.000
     1.600     2.000     2.500     1.500     0.058     0.000     0.000     0.000     0.000     0.942     6.000
     2.600     2.800     2.000     2.375     0.078     0.000     0.000     0.000     0.922     0.000     5.000
     2.800     2.800     2.000     2.625     0.066     0.000     0.000     0.000     0.934     0.000     5.000
     3.200     2.600     2.250     2.500     0.508     0.000     0.000     0.000     0.492     0.000     1.000
     1.600     2.000     3.750     3.375     0.023     0.000     0.000     0.000     0.000     0.977     6.000
     3.400     3.000     2.500     1.000     0.001     0.000     0.000     0.000     0.999     0.000     5.000
     3.400     3.000     3.000     1.375     0.001     0.000     0.000     0.000     0.999     0.000     5.000
     3.800     3.000     2.000     1.500     0.000     0.000     0.000     0.000     1.000     0.000     5.000
     3.000     2.600     2.000     2.125     0.506     0.000     0.000     0.000     0.494     0.000     1.000
     3.400     3.000     2.250     1.875     0.001     0.000     0.000     0.000     0.999     0.000     5.000
     3.200     1.800     1.250     1.125     0.004     0.000     0.000     0.000     0.000     0.996     6.000
     3.400     3.200     1.750     1.125     0.000     0.000     0.000     0.002     0.998     0.000     5.000
     2.600     1.800     2.750     3.000     0.001     0.000     0.000     0.000     0.000     0.999     6.000
     2.400     3.000     2.750     1.875     0.005     0.000     0.000     0.000     0.995     0.000     5.000
     2.800     4.000     1.000     1.429     0.000     0.000     0.000     1.000     0.000     0.000     4.000
     1.000     1.000     2.750     1.000     0.000     1.000     0.000     0.000     0.000     0.000     2.000
     2.500     2.600     2.000     2.250     0.693     0.000     0.000     0.000     0.307     0.000     1.000
     3.400     3.400     1.750     1.000     0.000     0.000     0.001     0.331     0.668     0.000     5.000
     1.800     3.000     2.500     2.125     0.013     0.000     0.000     0.000     0.987     0.000     5.000
     2.000     2.400     2.750     3.500     0.960     0.000     0.000     0.000     0.003     0.037     1.000
     3.400     3.400     1.750     2.375     0.000     0.000     0.000     0.126     0.874     0.000     5.000
     2.600     2.800     1.750     2.625     0.077     0.000     0.000     0.000     0.923     0.000     5.000
     3.200     3.000     1.750     2.000     0.001     0.000     0.000     0.000     0.999     0.000     5.000
     2.800     2.800     2.000     3.125     0.081     0.000     0.000     0.000     0.919     0.000     5.000
     2.200     2.600     2.250     1.500     0.740     0.000     0.000     0.000     0.260     0.000     1.000
     2.000     4.000     2.500     2.000     0.000     0.000     0.003     0.997     0.000     0.000     4.000
     2.400     1.000     1.500     2.000     0.000     1.000     0.000     0.000     0.000     0.000     2.000
     1.800     2.000     3.000     2.333     0.040     0.000     0.000     0.000     0.000     0.960     6.000
     2.600     3.000     2.750     1.625     0.004     0.000     0.000     0.000     0.996     0.000     5.000
     2.200     3.000     1.000     2.250     0.003     0.000     0.000     0.000     0.997     0.000     5.000
     2.200     1.800     2.000     3.000     0.002     0.000     0.000     0.000     0.000     0.998     6.000
     4.000     4.000     2.250     2.000     0.000     0.000     0.012     0.988     0.000     0.000     4.000
     2.500     2.400     2.250     2.750     0.964     0.000     0.000     0.000     0.012     0.023     1.000
     1.800     2.000     2.000     3.500     0.036     0.000     0.000     0.000     0.000     0.964     6.000
     2.400     3.000     1.000     2.500     0.003     0.000     0.000     0.000     0.997     0.000     5.000
     2.800     3.800     2.500     2.500     0.000     0.000     0.004     0.995     0.000     0.000     4.000
