     3.800     4.000     2.000     1.000     0.000     0.000     0.000     0.000     0.000     1.000     6.000
     3.000     3.000     2.500     2.750     0.000     0.000     0.000     0.000     0.942     0.058     5.000
     1.800     2.800     3.500     3.375     0.000     0.000     0.000     0.989     0.011     0.000     4.000
     1.400     1.000     2.750     2.750     0.000     0.000     0.000     0.000     0.994     0.006     5.000
     1.800     2.200     2.000     2.000     0.000     0.000     0.000     0.000     0.000     1.000     6.000
     1.600     1.600     2.750     1.875     0.000     0.000     0.000     0.000     0.997     0.003     5.000
     3.000     3.800     1.250     2.250     0.000     0.996     0.000     0.000     0.000     0.004     2.000
     2.600     2.200     2.000     2.000     0.000     0.000     0.000     0.000     0.000     1.000     6.000
     1.000     2.800     1.000     2.625     0.906     0.088     0.005     0.000     0.000     0.000     1.000
     2.200     2.000     1.000     1.750     0.916     0.084     0.000     0.000     0.000     0.000     1.000
     2.400     2.400     2.250     2.000     0.000     0.000     0.000     0.000     0.018     0.982     6.000
     2.600     3.000     2.000     1.500     0.000     0.000     0.000     0.000     0.000     1.000     6.000
     2.800     2.400     1.750     1.500     0.000     0.003     0.000     0.000     0.000     0.997     6.000
     3.600     1.600     2.250     3.125     0.000     0.000     0.000     0.000     0.010     0.990     6.000
     1.800     1.800     2.500     2.750     0.000     0.000     0.000     0.000     0.681     0.319     5.000
     2.200     2.400     3.000     2.250     0.000     0.000     0.000     0.000     1.000     0.000     5.000
     2.200     1.800     2.000     2.000     0.000     0.000     0.000     0.000     0.000     1.000     6.000
     1.800     2.400     2.000     2.000     0.000     0.000     0.000     0.000     0.000     1.000     6.000
     1.600     2.400     2.250     2.875     0.000     0.000     0.000     0.000     0.019     0.981     6.000
     2.200     3.000     1.000     2.250     0.000     1.000     0.000     0.000     0.000     0.000     2.000
     3.800     2.600     1.750     1.875     0.000     0.000     0.000     0.000     0.000     1.000     6.000
     4.200     3.000     1.250     1.714     0.000     0.997     0.000     0.000     0.000     0.003     2.000
     1.600     2.000     3.500     2.625     0.000     0.000     0.000     0.989     0.011     0.000     4.000
     1.400     2.400     2.000     2.000     0.000     0.000     0.000     0.000     0.000     1.000     6.000
     2.600     2.000     2.000     3.000     0.000     0.000     0.000     0.000     0.000     1.000     6.000
         *     3.000         *         *     0.010     0.174     0.000     0.050     0.238     0.527     6.000
     2.200     2.000     2.750     2.000     0.000     0.000     0.000     0.000     0.998     0.002     5.000
     1.800     2.000     2.250     1.500     0.000     0.000     0.000     0.000     0.011     0.989     6.000
     2.800     2.800     3.000     2.750     0.000     0.000     0.000     0.000     1.000     0.000     5.000
     2.000     3.600     1.250     1.000     0.000     1.000     0.000     0.000     0.000     0.000     2.000
     3.800     4.000     2.750     1.000     0.000     0.000     0.000     0.000     1.000     0.000     5.000
     2.400     2.600     2.500     2.000     0.000     0.000     0.000     0.000     0.825     0.175     5.000
     3.400     4.000     1.667     1.125     0.000     0.000     0.000     0.000     0.000     1.000     6.000
     4.800     4.000     4.000     1.000     0.000     0.000     0.000     1.000     0.000     0.000     4.000
     2.400     2.200     2.500     2.875     0.000     0.000     0.000     0.000     0.816     0.184     5.000
     2.800     3.000     1.000     2.250     0.000     1.000     0.000     0.000     0.000     0.000     2.000
     1.800     3.000     2.250     3.625     0.000     0.000     0.000     0.000     0.082     0.918     6.000
     1.600     2.400     2.500     2.125     0.000     0.000     0.000     0.000     0.742     0.258     5.000
     1.000     4.000     2.000     1.500     0.000     0.000     0.000     0.000     0.000     1.000     6.000
     1.000     2.000     3.000     2.000     0.000     0.000     0.000     0.000     1.000     0.000     5.000
     3.200     3.400     1.750     2.250     0.000     0.000     0.000     0.000     0.000     1.000     6.000
     2.400     2.000     1.750     2.250     0.000     0.006     0.000     0.000     0.000     0.994     6.000
     2.400     3.000     4.000     2.125     0.000     0.000     0.000     1.000     0.000     0.000     4.000
     2.600     3.000     2.250     2.000     0.000     0.000     0.000     0.000     0.030     0.970     6.000
     1.400     2.600     3.000     2.250     0.000     0.000     0.000     0.000     1.000     0.000     5.000
     2.800     3.000     4.000     2.286     0.000     0.000     0.000     1.000     0.000     0.000     4.000
     3.000     3.400     4.000     1.375     0.000     0.000     0.000     1.000     0.000     0.000     4.000
     2.000     3.400     1.750     1.500     0.000     0.000     0.000     0.000     0.000     1.000     6.000
     2.600     2.800     2.250     1.667     0.000     0.000     0.000     0.000     0.022     0.978     6.000
     1.800     1.600     3.750     2.286     0.000     0.000     0.000     1.000     0.000     0.000     4.000
     2.600     3.400     1.750     1.750     0.000     0.000     0.000     0.000     0.000     1.000     6.000
     2.800     3.200     1.250     1.125     0.000     1.000     0.000     0.000     0.000     0.000     2.000
     2.400     2.800     2.750     3.000     0.000     0.000     0.000     0.000     1.000     0.000     5.000
     3.200     3.000     2.667     2.250     0.000     0.000     0.000     0.000     0.998     0.002     5.000
     1.000     2.600     2.000     2.375     0.000     0.000     0.000     0.000     0.000     1.000     6.000
     3.200     3.000     1.000     2.625     0.000     1.000     0.000     0.000     0.000     0.000     2.000
     4.000     2.800     2.500     3.000     0.000     0.000     0.000     0.000     0.953     0.047     5.000
     3.000     3.000     2.000     2.625     0.000     0.000     0.000     0.000     0.000     1.000     6.000
     3.000     4.000     3.667     1.000     0.000     0.000     0.000     1.000     0.000     0.000     4.000
     2.400     3.000     3.000     2.875     0.000     0.000     0.000     0.000     1.000     0.000     5.000
     2.800     2.600     3.000     1.500     0.000     0.000     0.000     0.000     1.000     0.000     5.000
     3.000     3.000     2.750     2.125     0.000     0.000     0.000     0.000     1.000     0.000     5.000
     2.600     4.000     2.000     1.750     0.000     0.000     0.000     0.000     0.000     1.000     6.000
     3.000     2.000     2.750     2.000     0.000     0.000     0.000     0.000     0.999     0.001     5.000
     2.200     2.400     4.000     2.000     0.000     0.000     0.000     1.000     0.000     0.000     4.000
     3.400     4.000     2.500     2.000     0.000     0.000     0.000     0.000     0.973     0.027     5.000
     3.200     3.000     2.500     1.875     0.000     0.000     0.000     0.000     0.904     0.096     5.000
     3.400     3.750     1.250     2.143     0.000     0.994     0.000     0.000     0.000     0.006     2.000
     2.000     2.000     2.500     2.250     0.000     0.000     0.000     0.000     0.719     0.281     5.000
     3.400     3.800     1.000     1.250     0.000     1.000     0.000     0.000     0.000     0.000     2.000
     2.800     4.000     2.000     2.000     0.000     0.000     0.000     0.000     0.000     1.000     6.000
     2.000     3.000     1.000     1.750     0.000     1.000     0.000     0.000     0.000     0.000     2.000
     2.600     3.000     2.000     2.000     0.000     0.000     0.000     0.000     0.000     1.000     6.000
     3.500     2.800     2.000     3.286     0.000     0.000     0.000     0.000     0.000     1.000     6.000
     2.200     3.000     2.000     2.000     0.000     0.000     0.000     0.000     0.000     1.000     6.000
     1.000     2.600     1.500     1.857     0.000     0.967     0.000     0.000     0.000     0.032     2.000
     3.000     3.000     1.750     1.500     0.000     0.000     0.000     0.000     0.000     1.000     6.000
     2.200     1.000     3.250     1.250     0.000     0.000     0.000     0.001     0.999     0.000     5.000
     3.800     3.600     4.000     2.000     0.000     0.000     0.000     1.000     0.000     0.000     4.000
     2.000     3.000     3.000     2.000     0.000     0.000     0.000     0.000     1.000     0.000     5.000
     3.000     3.000     2.000     2.000     0.000     0.000     0.000     0.000     0.000     1.000     6.000
     3.400     3.000     1.000     1.250     0.000     1.000     0.000     0.000     0.000     0.000     2.000
     2.000     3.000     1.000     2.000     0.000     1.000     0.000     0.000     0.000     0.000     2.000
     1.000     2.200     2.500     2.286     0.000     0.000     0.000     0.000     0.663     0.337     5.000
     1.000     1.200     1.000     3.500     0.000     0.000     1.000     0.000     0.000     0.000     3.000
     2.400     3.600     2.000     1.875     0.000     0.000     0.000     0.000     0.000     1.000     6.000
     1.000     2.000     3.000     3.000     0.000     0.000     0.000     0.000     1.000     0.000     5.000
     1.000     1.000     4.000     4.000     0.000     0.000     0.000     1.000     0.000     0.000     4.000
     2.600     2.200     2.000     1.875     0.000     0.000     0.000     0.000     0.000     1.000     6.000
     4.000     3.000     2.250     1.000     0.000     0.000     0.000     0.000     0.036     0.964     6.000
         *     2.400         *         *     0.023     0.081     0.002     0.086     0.316     0.492     6.000
     3.800     3.600     1.000     1.000     0.000     1.000     0.000     0.000     0.000     0.000     2.000
     2.800     4.000     1.000     2.000     0.000     1.000     0.000     0.000     0.000     0.000     2.000
     3.000     4.000     1.000     1.000     0.000     1.000     0.000     0.000     0.000     0.000     2.000
     3.000     3.000     2.000     1.875     0.000     0.000     0.000     0.000     0.000     1.000     6.000
     3.000     2.600     2.000     2.000     0.000     0.000     0.000     0.000     0.000     1.000     6.000
     2.800     3.000     2.000     3.125     0.000     0.000     0.000     0.000     0.000     1.000     6.000
     2.600     2.800     2.000     2.000     0.000     0.000     0.000     0.000     0.000     1.000     6.000
     4.000     3.400     3.000     2.000     0.000     0.000     0.000     0.000     1.000     0.000     5.000
     2.000     2.600     1.750     2.625     0.000     0.002     0.000     0.000     0.000     0.998     6.000
     3.200     3.000     1.000     1.000     0.000     1.000     0.000     0.000     0.000     0.000     2.000
     3.000     2.400     2.000     2.375     0.000     0.000     0.000     0.000     0.000     1.000     6.000
     2.200     2.600     1.000     1.000     0.004     0.996     0.000     0.000     0.000     0.000     2.000
     2.500     2.600     2.000     2.125     0.000     0.000     0.000     0.000     0.000     1.000     6.000
     3.400     3.800     2.000     2.625     0.000     0.000     0.000     0.000     0.001     0.999     6.000
     2.600     3.200     1.000     3.000     0.000     1.000     0.000     0.000     0.000     0.000     2.000
     3.000     3.000     2.000     2.000     0.000     0.000     0.000     0.000     0.000     1.000     6.000
     2.800     3.000     2.000     1.750     0.000     0.000     0.000     0.000     0.000     1.000     6.000
     3.000     3.000     1.000     2.000     0.000     1.000     0.000     0.000     0.000     0.000     2.000
     2.800     3.000     2.000     2.250     0.000     0.000     0.000     0.000     0.000     1.000     6.000
         *     2.800         *         *     0.014     0.137     0.000     0.061     0.266     0.523     6.000
     2.800     2.600     1.750     1.000     0.000     0.003     0.000     0.000     0.000     0.997     6.000
     2.000     3.000     2.250     1.625     0.000     0.000     0.000     0.000     0.019     0.981     6.000
         *     2.200         *         *     0.029     0.061     0.004     0.101     0.337     0.468     6.000
     4.000     1.000     2.000     2.750     0.000     0.000     0.010     0.000     0.000     0.990     6.000
     1.400     2.200     1.500     1.000     0.000     0.988     0.000     0.000     0.000     0.012     2.000
     3.000     2.800     2.000     3.143     0.000     0.000     0.000     0.000     0.000     1.000     6.000
     1.400     1.600     3.500     2.500     0.000     0.000     0.000     0.981     0.019     0.000     4.000
     2.400     2.400     2.000     2.000     0.000     0.000     0.000     0.000     0.000     1.000     6.000
     3.000     3.000     2.000     2.750     0.000     0.000     0.000     0.000     0.000     1.000     6.000
     2.800     2.600     2.250     3.000     0.000     0.000     0.000     0.000     0.036     0.964     6.000
     3.400     1.200     3.000     2.250     0.000     0.000     0.000     0.000     1.000     0.000     5.000
     2.000     3.000     2.000     2.000     0.000     0.000     0.000     0.000     0.000     1.000     6.000
     3.400     4.000     2.500     1.429     0.000     0.000     0.000     0.000     0.947     0.053     5.000
     3.200     3.000     1.750     1.750     0.000     0.000     0.000     0.000     0.000     1.000     6.000
     3.200     3.000     2.000     2.000     0.000     0.000     0.000     0.000     0.000     1.000     6.000
     2.600     2.200     2.000     2.375     0.000     0.000     0.000     0.000     0.000     1.000     6.000
     3.600     2.800     1.000     2.375     0.000     1.000     0.000     0.000     0.000     0.000     2.000
     3.400     2.000     2.750     3.625     0.000     0.000     0.000     0.000     0.999     0.001     5.000
     2.800     3.000     2.000     2.375     0.000     0.000     0.000     0.000     0.000     1.000     6.000
     1.000     1.000     3.250     2.625     0.000     0.000     0.000     0.032     0.968     0.000     5.000
     2.200     3.400     1.250     3.625     0.000     0.999     0.000     0.000     0.000     0.001     2.000
     2.600     3.000     2.000     2.750     0.000     0.000     0.000     0.000     0.000     1.000     6.000
     2.600     4.000     2.000     1.000     0.000     0.000     0.000     0.000     0.000     1.000     6.000
     2.800     3.000     2.000     1.875     0.000     0.000     0.000     0.000     0.000     1.000     6.000
         *         *     2.000     1.250     0.000     0.000     0.000     0.000     0.000     1.000     6.000
     2.200     2.600     2.000     1.000     0.000     0.000     0.000     0.000     0.000     1.000     6.000
     2.200     2.800     2.000     2.000     0.000     0.000     0.000     0.000     0.000     1.000     6.000
     3.000     2.600     2.000     2.000     0.000     0.000     0.000     0.000     0.000     1.000     6.000
     2.250     3.200     2.000     2.000     0.000     0.000     0.000     0.000     0.000     1.000     6.000
     1.000     1.600     1.750         *     0.000     0.135     0.000     0.000     0.000     0.865     6.000
     2.600     1.000     1.500     2.375     0.000     0.009     0.991     0.000     0.000     0.001     3.000
     1.600     2.400     2.000     2.000     0.000     0.000     0.000     0.000     0.000     1.000     6.000
     3.500     2.800     2.250     2.000     0.000     0.000     0.000     0.000     0.035     0.965     6.000
     3.400     2.800     1.750     2.125     0.000     0.000     0.000     0.000     0.000     1.000     6.000
     1.800     3.000         *     2.500     0.000     0.174     0.000     0.055     0.304     0.466     6.000
     3.000     3.000     2.000     1.875     0.000     0.000     0.000     0.000     0.000     1.000     6.000
     2.400     2.800     2.750     2.375     0.000     0.000     0.000     0.000     0.999     0.001     5.000
     4.800     2.800     1.500     2.500     0.000     0.009     0.000     0.000     0.000     0.991     6.000
     2.800     2.800     2.000     1.375     0.000     0.000     0.000     0.000     0.000     1.000     6.000
     2.600     2.000     1.000     1.750     0.933     0.067     0.000     0.000     0.000     0.000     1.000
     3.000     3.000     4.000     2.000     0.000     0.000     0.000     1.000     0.000     0.000     4.000
     2.800     2.600     2.000     2.000     0.000     0.000     0.000     0.000     0.000     1.000     6.000
     1.400     2.000     2.750     2.125     0.000     0.000     0.000     0.000     0.998     0.002     5.000
         *         *     1.000         *     0.083     0.888     0.029     0.000     0.000     0.000     2.000
     3.000     2.800     2.000     2.000     0.000     0.000     0.000     0.000     0.000     1.000     6.000
     2.600     2.000     2.750     2.750     0.000     0.000     0.000     0.000     0.999     0.001     5.000
     2.600     3.000     3.000     1.875     0.000     0.000     0.000     0.000     1.000     0.000     5.000
     3.200     2.400     2.000     2.143     0.000     0.000     0.000     0.000     0.000     1.000     6.000
     3.000     3.000     2.500     1.500     0.000     0.000     0.000     0.000     0.872     0.128     5.000
     3.000     2.000     2.000     4.000     0.000     0.000     0.000     0.000     0.000     1.000     6.000
     4.400     1.400     4.000     2.375     0.000     0.000     0.000     1.000     0.000     0.000     4.000
     3.000     2.600     2.000     2.375     0.000     0.000     0.000     0.000     0.000     1.000     6.000
     2.600     3.000     2.000     2.500     0.000     0.000     0.000     0.000     0.000     1.000     6.000
     2.400     3.200     1.000     2.375     0.000     1.000     0.000     0.000     0.000     0.000     2.000
     2.200     3.000     2.000     2.000     0.000     0.000     0.000     0.000     0.000     1.000     6.000
     2.800     2.800     2.000     2.500     0.000     0.000     0.000     0.000     0.000     1.000     6.000
     2.200     2.600     1.250     1.750     0.000     0.999     0.000     0.000     0.000     0.000     2.000
     3.400     3.000     2.000     2.625     0.000     0.000     0.000     0.000     0.000     1.000     6.000
     3.800     2.800     2.000     3.000     0.000     0.000     0.000     0.000     0.000     1.000     6.000
     2.000     2.000     2.000     2.000     0.000     0.000     0.000     0.000     0.000     1.000     6.000
     3.000     2.000     3.000     1.857     0.000     0.000     0.000     0.000     1.000     0.000     5.000
     4.400     2.800     2.250     1.625     0.000     0.000     0.000     0.000     0.042     0.958     6.000
     2.800     4.000     1.000     1.500     0.000     1.000     0.000     0.000     0.000     0.000     2.000
     1.400     2.000     2.000     3.750     0.000     0.000     0.000     0.000     0.000     1.000     6.000
     3.400     4.000     2.000     1.750     0.000     0.000     0.000     0.000     0.000     1.000     6.000
     2.800     2.800     1.250     2.750     0.000     0.999     0.000     0.000     0.000     0.001     2.000
     2.200     3.000     2.000     2.250     0.000     0.000     0.000     0.000     0.000     1.000     6.000
     2.800     3.800     2.500     1.750     0.000     0.000     0.000     0.000     0.935     0.065     5.000
     2.400     2.800     3.000     2.375     0.000     0.000     0.000     0.000     1.000     0.000     5.000
     2.000     2.400     3.500     2.625     0.000     0.000     0.000     0.992     0.008     0.000     4.000
     3.000     2.400     3.000     3.000     0.000     0.000     0.000     0.000     1.000     0.000     5.000
     2.800     3.000     2.000     3.125     0.000     0.000     0.000     0.000     0.000     1.000     6.000
     3.000     1.600     2.750     2.250     0.000     0.000     0.000     0.000     0.998     0.002     5.000
     2.800     2.400     3.000     2.286     0.000     0.000     0.000     0.000     1.000     0.000     5.000
     3.000     1.400     2.250     2.625     0.000     0.000     0.000     0.000     0.008     0.992     6.000
     2.800     2.800     1.750     2.875     0.000     0.000     0.000     0.000     0.000     1.000     6.000
     2.200     2.600     2.000     2.000     0.000     0.000     0.000     0.000     0.000     1.000     6.000
     2.600     3.200     3.000     2.750     0.000     0.000     0.000     0.000     1.000     0.000     5.000
     2.000     2.200     3.000     2.000     0.000     0.000     0.000     0.000     1.000     0.000     5.000
     2.200     2.000     1.000     2.000     0.984     0.016     0.000     0.000     0.000     0.000     1.000
     3.600     2.600     3.500     2.250     0.000     0.000     0.000     0.990     0.010     0.000     4.000
     3.200     3.000     1.000     2.000     0.000     1.000     0.000     0.000     0.000     0.000     2.000
     3.200     3.000     1.500     1.750     0.000     0.365     0.000     0.000     0.000     0.635     6.000
     2.000     2.600     2.750     2.000     0.000     0.000     0.000     0.000     0.999     0.001     5.000
     3.200     2.600     2.000     2.625     0.000     0.000     0.000     0.000     0.000     1.000     6.000
     2.200     2.000     3.000     2.000     0.000     0.000     0.000     0.000     1.000     0.000     5.000
     3.400     4.000     2.500     2.750     0.000     0.000     0.000     0.000     0.990     0.010     5.000
     2.000     2.600     2.500     1.750     0.000     0.000     0.000     0.000     0.775     0.225     5.000
     2.800     3.000     2.000     2.000     0.000     0.000     0.000     0.000     0.000     1.000     6.000
     3.400     3.800     1.500     2.000     0.000     0.025     0.000     0.000     0.000     0.975     6.000
     3.800     3.000     1.000     1.000     0.000     1.000     0.000     0.000     0.000     0.000     2.000
     3.400     3.000     3.000     2.375     0.000     0.000     0.000     0.000     1.000     0.000     5.000
     2.600     3.400     1.750     2.875     0.000     0.000     0.000     0.000     0.000     1.000     6.000
     3.000     3.800     2.000     2.000     0.000     0.000     0.000     0.000     0.000     1.000     6.000
     2.600     3.000     3.000     2.000     0.000     0.000     0.000     0.000     1.000     0.000     5.000
     3.000     3.000     2.000     3.000     0.000     0.000     0.000     0.000     0.000     1.000     6.000
     1.600     1.000     4.000     2.000     0.000     0.000     0.000     1.000     0.000     0.000     4.000
     2.200     2.800     2.000     3.000     0.000     0.000     0.000     0.000     0.000     1.000     6.000
     2.600     2.800     2.000     2.750     0.000     0.000     0.000     0.000     0.000     1.000     6.000
     4.000     4.000     1.000     1.750     0.000     1.000     0.000     0.000     0.000     0.000     2.000
     4.000     4.000     1.000     1.625     0.000     1.000     0.000     0.000     0.000     0.000     2.000
     3.400     3.800     2.000     3.000     0.000     0.000     0.000     0.000     0.001     0.999     6.000
     3.000     3.000     1.750     2.750     0.000     0.000     0.000     0.000     0.000     1.000     6.000
     3.400     3.400     2.000     1.571     0.000     0.000     0.000     0.000     0.000     1.000     6.000
     3.000     3.000     2.000     2.000     0.000     0.000     0.000     0.000     0.000     1.000     6.000
     2.200     3.000     2.000     3.000     0.000     0.000     0.000     0.000     0.000     1.000     6.000
     3.000     3.000     2.000         *     0.000     0.000     0.000     0.000     0.000     1.000     6.000
     3.400     4.000     1.000     1.125     0.000     1.000     0.000     0.000     0.000     0.000     2.000
     2.500     3.000     2.000     2.000     0.000     0.000     0.000     0.000     0.000     1.000     6.000
     2.400     3.000     2.000     2.000     0.000     0.000     0.000     0.000     0.000     1.000     6.000
     3.600     4.000     1.500     3.000     0.000     0.003     0.000     0.000     0.000     0.997     6.000
     3.400     3.600     1.000     1.625     0.000     1.000     0.000     0.000     0.000     0.000     2.000
     3.400     3.000     2.500     1.875     0.000     0.000     0.000     0.000     0.912     0.088     5.000
     3.000     2.600     2.000     3.000     0.000     0.000     0.000     0.000     0.000     1.000     6.000
         *     2.200     2.500     2.250     0.000     0.000     0.000     0.000     0.772     0.228     5.000
     2.800     3.000     2.750     1.750     0.000     0.000     0.000     0.000     0.999     0.001     5.000
     3.000     2.800     2.250     1.375     0.000     0.000     0.000     0.000     0.024     0.976     6.000
     4.000     3.600     1.000     2.250     0.000     1.000     0.000     0.000     0.000     0.000     2.000
     3.400     4.000     1.000     1.500     0.000     1.000     0.000     0.000     0.000     0.000     2.000
     3.000     2.800     2.000     2.000     0.000     0.000     0.000     0.000     0.000     1.000     6.000
     3.800     4.000     4.000     1.375     0.000     0.000     0.000     1.000     0.000     0.000     4.000
     3.200     3.000     2.000     2.000     0.000     0.000     0.000     0.000     0.000     1.000     6.000
     3.600     4.000     2.000     1.000     0.000     0.000     0.000     0.000     0.000     1.000     6.000
         *     3.800     1.000     1.500     0.000     1.000     0.000     0.000     0.000     0.000     2.000
     2.600     3.000     3.000     2.500     0.000     0.000     0.000     0.000     1.000     0.000     5.000
     3.200     4.000     1.000     1.000     0.000     1.000     0.000     0.000     0.000     0.000     2.000
     2.800     4.000     1.000     1.250     0.000     1.000     0.000     0.000     0.000     0.000     2.000
     2.200     3.600     2.500     1.250     0.000     0.000     0.000     0.000     0.833     0.167     5.000
     2.200     2.800     1.250     1.750     0.000     1.000     0.000     0.000     0.000     0.000     2.000
     4.800     4.000     1.000     1.125     0.000     1.000     0.000     0.000     0.000     0.000     2.000
     3.600     3.400     1.000     1.375     0.000     1.000     0.000     0.000     0.000     0.000     2.000
     2.600     3.000     2.000     1.750     0.000     0.000     0.000     0.000     0.000     1.000     6.000
     1.800     2.400     3.500     1.750     0.000     0.000     0.000     0.986     0.014     0.000     4.000
     3.200     3.400     2.500     1.500     0.000     0.000     0.000     0.000     0.911     0.089     5.000
     3.200     3.800     2.500     3.500     0.000     0.000     0.000     0.000     0.994     0.006     5.000
     3.200     3.200     2.000     2.250     0.000     0.000     0.000     0.000     0.000     1.000     6.000
     2.200     3.000     2.000     2.000     0.000     0.000     0.000     0.000     0.000     1.000     6.000
     2.000     1.600     1.000     2.750     0.993     0.007     0.000     0.000     0.000     0.000     1.000
     2.400     3.000     2.000     2.000     0.000     0.000     0.000     0.000     0.000     1.000     6.000
     1.600     1.000     2.000     2.250     0.000     0.000     0.000     0.000     0.000     1.000     6.000
     1.000     2.750     2.000     2.000     0.000     0.000     0.000     0.000     0.000     1.000     6.000
     2.600     2.200     1.500     1.875     0.000     0.876     0.009     0.000     0.000     0.114     2.000
     3.800     3.000     3.000     2.500     0.000     0.000     0.000     0.000     1.000     0.000     5.000
     3.000     2.750     2.000     1.125     0.000     0.000     0.000     0.000     0.000     1.000     6.000
     2.800     3.400     1.000     2.125     0.000     1.000     0.000     0.000     0.000     0.000     2.000
     3.000     3.000     1.500     1.625     0.000     0.488     0.000     0.000     0.000     0.512     6.000
     1.400     1.600     4.000     2.375     0.000     0.000     0.000     1.000     0.000     0.000     4.000
     2.600     3.000     1.250     1.000     0.000     1.000     0.000     0.000     0.000     0.000     2.000
     1.600     2.600     2.000     2.375     0.000     0.000     0.000     0.000     0.000     1.000     6.000
     2.400     2.800     1.750     1.875     0.000     0.001     0.000     0.000     0.000     0.999     6.000
     3.000     2.800     2.500     2.125     0.000     0.000     0.000     0.000     0.890     0.110     5.000
     2.600     2.200     2.000     3.000     0.000     0.000     0.000     0.000     0.000     1.000     6.000
     3.200     3.200     1.750     1.875     0.000     0.000     0.000     0.000     0.000     1.000     6.000
     3.600     3.000     2.000     1.000     0.000     0.000     0.000     0.000     0.000     1.000     6.000
     2.000     3.000     3.000     3.500     0.000     0.000     0.000     0.000     1.000     0.000     5.000
     2.800     3.000     2.500     1.500     0.000     0.000     0.000     0.000     0.859     0.141     5.000
     2.250     3.200     3.000     1.875     0.000     0.000     0.000     0.000     1.000     0.000     5.000
     1.000     1.000     1.000     2.000     0.000     0.000     1.000     0.000     0.000     0.000     3.000
     2.800     3.000     2.000     2.125     0.000     0.000     0.000     0.000     0.000     1.000     6.000
     2.800     2.400     2.250     2.000     0.000     0.000     0.000     0.000     0.020     0.980     6.000
     1.000     1.000     4.000     4.000     0.000     0.000     0.000     1.000     0.000     0.000     4.000
     3.000     4.000     1.000         *     0.000     1.000     0.000     0.000     0.000     0.000     2.000
     2.800     4.000     1.000     2.250     0.000     1.000     0.000     0.000     0.000     0.000     2.000
     1.000     1.000     4.000     3.875     0.000     0.000     0.000     1.000     0.000     0.000     4.000
     3.800     3.000     1.000     2.625     0.000     1.000     0.000     0.000     0.000     0.000     2.000
     3.200     3.800     1.750     2.143     0.000     0.000     0.000     0.000     0.000     1.000     6.000
     2.400     2.800     1.500     2.875     0.000     0.509     0.004     0.000     0.000     0.488     2.000
     1.200     1.800     3.250     2.875     0.000     0.000     0.000     0.072     0.928     0.000     5.000
     3.200     4.000     1.000     1.375     0.000     1.000     0.000     0.000     0.000     0.000     2.000
     2.000     3.400     1.000     1.125     0.000     1.000     0.000     0.000     0.000     0.000     2.000
     3.000     4.000     2.000     2.000     0.000     0.000     0.000     0.000     0.000     1.000     6.000
     1.400     2.800     1.250     1.625     0.799     0.201     0.000     0.000     0.000     0.000     1.000
     3.600     3.800     2.000     2.000     0.000     0.000     0.000     0.000     0.000     1.000     6.000
     2.600     3.200     2.250     1.250     0.000     0.000     0.000     0.000     0.023     0.977     6.000
     4.000     4.000     1.000     1.375     0.000     1.000     0.000     0.000     0.000     0.000     2.000
     3.400     3.200     2.000     1.750     0.000     0.000     0.000     0.000     0.000     1.000     6.000
     1.000     1.000     4.000     2.125     0.000     0.000     0.000     1.000     0.000     0.000     4.000
     2.000     4.000     1.000     2.250     0.000     1.000     0.000     0.000     0.000     0.000     2.000
     2.800     2.000     2.500     1.750     0.000     0.000     0.000     0.000     0.770     0.230     5.000
     3.000     3.000     4.000     3.000     0.000     0.000     0.000     1.000     0.000     0.000     4.000
     3.000     3.000     2.000     2.000     0.000     0.000     0.000     0.000     0.000     1.000     6.000
     2.000     2.600     3.000     1.750     0.000     0.000     0.000     0.000     1.000     0.000     5.000
     2.600     3.400     1.000     2.125     0.000     1.000     0.000     0.000     0.000     0.000     2.000
     3.200     3.800     1.000     2.750     0.000     1.000     0.000     0.000     0.000     0.000     2.000
     1.400     2.000     3.000     2.500     0.000     0.000     0.000     0.000     1.000     0.000     5.000
     2.000     1.800     3.000     4.000     0.000     0.000     0.000     0.000     1.000     0.000     5.000
     3.600     3.400     2.000     1.000     0.000     0.000     0.000     0.000     0.000     1.000     6.000
     3.800     3.400     1.000     1.625     0.000     1.000     0.000     0.000     0.000     0.000     2.000
     3.000     3.000     2.500     3.500     0.000     0.000     0.000     0.000     0.970     0.030     5.000
     1.400     2.200     2.500     2.750     0.000     0.000     0.000     0.000     0.743     0.257     5.000
     3.800     2.800     2.500     3.000     0.000     0.000     0.000     0.000     0.950     0.050     5.000
     3.000     2.000     1.250     1.625     0.001     0.999     0.000     0.000     0.000     0.000     2.000
     3.000     3.000     2.000     2.000     0.000     0.000     0.000     0.000     0.000     1.000     6.000
     1.600     2.600     2.500     1.500     0.000     0.000     0.000     0.000     0.713     0.287     5.000
     3.000     2.800     2.000     2.000     0.000     0.000     0.000     0.000     0.000     1.000     6.000
     3.000     2.400     2.500     2.750     0.000     0.000     0.000     0.000     0.872     0.128     5.000
     3.000     2.600     2.500     2.625     0.000     0.000     0.000     0.000     0.894     0.106     5.000
     3.000     4.000     2.750     1.250     0.000     0.000     0.000     0.000     1.000     0.000     5.000
     1.400     3.000     4.000     1.750     0.000     0.000     0.000     1.000     0.000     0.000     4.000
     2.800     3.000     1.250     2.875     0.000     0.999     0.000     0.000     0.000     0.001     2.000
     2.600     2.800     2.750     1.500     0.000     0.000     0.000     0.000     0.999     0.001     5.000
     2.600     4.000     2.000     2.000     0.000     0.000     0.000     0.000     0.000     1.000     6.000
     2.000     2.400     2.750     1.750     0.000     0.000     0.000     0.000     0.999     0.001     5.000
     2.600     2.200     2.000     2.375     0.000     0.000     0.000     0.000     0.000     1.000     6.000
     3.000     3.000     1.000     1.500     0.000     1.000     0.000     0.000     0.000     0.000     2.000
     2.600     3.000     2.000     1.250     0.000     0.000     0.000     0.000     0.000     1.000     6.000
     1.600     1.800     2.500     1.500     0.000     0.000     0.000     0.000     0.649     0.351     5.000
     3.400     3.000     2.500     2.625     0.000     0.000     0.000     0.000     0.945     0.055     5.000
     4.600     4.000     1.000     1.000     0.000     1.000     0.000     0.000     0.000     0.000     2.000
     3.200     3.000     2.000     2.000     0.000     0.000     0.000     0.000     0.000     1.000     6.000
     1.800     1.200     3.000     2.000     0.000     0.000     0.000     0.000     1.000     0.000     5.000
     1.800     2.600     2.000     2.250     0.000     0.000     0.000     0.000     0.000     1.000     6.000
     1.000     2.400     2.250     4.000     0.000     0.000     0.000     0.000     0.034     0.966     6.000
     1.600     3.000     1.500     1.125     0.856     0.131     0.000     0.000     0.000     0.013     1.000
     1.000     2.400     2.750     4.000     0.000     0.000     0.000     0.000     1.000     0.000     5.000
     3.000     2.800     3.000     2.625     0.000     0.000     0.000     0.000     1.000     0.000     5.000
     3.000     4.000     2.000     1.000     0.000     0.000     0.000     0.000     0.000     1.000     6.000
     3.000     3.000     2.750     2.500     0.000     0.000     0.000     0.000     1.000     0.000     5.000
     3.400     3.600     1.250     2.500     0.000     0.993     0.000     0.000     0.000     0.007     2.000
     2.800     3.000     2.500     1.875     0.000     0.000     0.000     0.000     0.885     0.115     5.000
     2.600     2.800     3.000     2.375     0.000     0.000     0.000     0.000     1.000     0.000     5.000
     2.250     2.400     2.500     3.125     0.000     0.000     0.000     0.000     0.865     0.135     5.000
     2.600     3.000         *     2.000     0.000     0.180     0.000     0.061     0.228     0.532     6.000
         *     2.500         *         *     0.020     0.093     0.001     0.079     0.304     0.502     6.000
     1.800     2.400     2.500     2.125     0.000     0.000     0.000     0.000     0.760     0.240     5.000
     2.600     2.500     2.500     2.250     0.000     0.000     0.000     0.000     0.840     0.160     5.000
     3.600     3.800     2.000     2.000     0.000     0.000     0.000     0.000     0.000     1.000     6.000
     2.800     3.000     2.750     3.250     0.000     0.000     0.000     0.000     1.000     0.000     5.000
     3.000     3.000     2.000     1.000     0.000     0.000     0.000     0.000     0.000     1.000     6.000
     2.600     4.000     1.000     2.125     0.000     1.000     0.000     0.000     0.000     0.000     2.000
     1.800     3.000         *         *     0.022     0.186     0.000     0.044     0.266     0.482     6.000
     2.200     2.800     2.500     3.125     0.000     0.000     0.000     0.000     0.921     0.079     5.000
     3.600     4.000     4.000     1.286     0.000     0.000     0.000     1.000     0.000     0.000     4.000
     1.000     2.600     1.000     2.500     0.978     0.019     0.003     0.000     0.000     0.000     1.000
     2.000     3.400     3.000     2.375     0.000     0.000     0.000     0.000     1.000     0.000     5.000
     2.200     2.400     2.750     1.750     0.000     0.000     0.000     0.000     0.999     0.001     5.000
     2.000     2.600     2.250     1.875     0.000     0.000     0.000     0.000     0.017     0.983     6.000
     2.200     1.800     2.000     2.375     0.000     0.000     0.000     0.000     0.000     1.000     6.000
     2.200     3.400     2.500     2.625     0.000     0.000     0.000     0.000     0.945     0.055     5.000
     3.400     4.000     2.000     2.500     0.000     0.000     0.000     0.000     0.001     0.999     6.000
     2.600     2.800     2.250     1.375     0.000     0.000     0.000     0.000     0.020     0.980     6.000
     3.000     3.400     2.000     2.000     0.000     0.000     0.000     0.000     0.000     1.000     6.000
     5.000     2.000     2.500     2.375     0.000     0.000     0.000     0.000     0.864     0.136     5.000
     1.400     2.200     2.000     2.000     0.000     0.000     0.000     0.000     0.000     1.000     6.000
     4.000     3.000     2.000     3.000     0.000     0.000     0.000     0.000     0.000     1.000     6.000
     1.800     1.200     1.250     2.125     0.000     0.012     0.988     0.000     0.000     0.000     3.000
     1.000     1.000     1.250     2.875     0.000     0.004     0.996     0.000     0.000     0.000     3.000
     3.200     2.400     2.000     2.286     0.000     0.000     0.000     0.000     0.000     1.000     6.000
     2.600     2.800     1.750     2.000     0.000     0.001     0.000     0.000     0.000     0.999     6.000
     2.600     3.000     1.750     2.500     0.000     0.000     0.000     0.000     0.000     1.000     6.000
     3.600     3.000     1.000     1.750     0.000     1.000     0.000     0.000     0.000     0.000     2.000
     2.000     2.000     2.000     2.000     0.000     0.000     0.000     0.000     0.000     1.000     6.000
     4.000     3.200     1.000     1.000     0.000     1.000     0.000     0.000     0.000     0.000     2.000
     2.600     3.000     2.000     2.375     0.000     0.000     0.000     0.000     0.000     1.000     6.000
     1.000     3.000     2.000     1.000     0.000     0.000     0.000     0.000     0.000     1.000     6.000
     4.200     2.800     2.000     3.000     0.000     0.000     0.000     0.000     0.000     1.000     6.000
     3.000     3.000     2.000     2.000     0.000     0.000     0.000     0.000     0.000     1.000     6.000
     2.600     3.000     2.000     2.000     0.000     0.000     0.000     0.000     0.000     1.000     6.000
     3.400     3.200     1.750     1.750     0.000     0.000     0.000     0.000     0.000     1.000     6.000
     3.000     3.000     2.000     2.000     0.000     0.000     0.000     0.000     0.000     1.000     6.000
         *     3.400         *         *     0.006     0.269     0.000     0.032     0.183     0.510     6.000
     3.000     3.000     2.000     2.000     0.000     0.000     0.000     0.000     0.000     1.000     6.000
     3.000     3.000     2.000     2.750     0.000     0.000     0.000     0.000     0.000     1.000     6.000
     3.000     3.000     2.000     2.625     0.000     0.000     0.000     0.000     0.000     1.000     6.000
     3.800     3.000     2.000     1.625     0.000     0.000     0.000     0.000     0.000     1.000     6.000
     3.000     3.000     1.000     2.625     0.000     1.000     0.000     0.000     0.000     0.000     2.000
     3.000     3.000     2.000     1.125     0.000     0.000     0.000     0.000     0.000     1.000     6.000
     2.200     2.400     1.000     2.250     0.000     1.000     0.000     0.000     0.000     0.000     2.000
     2.000     3.000     2.000     2.375     0.000     0.000     0.000     0.000     0.000     1.000     6.000
     3.600     2.600     2.500     2.875     0.000     0.000     0.000     0.000     0.923     0.077     5.000
     2.800     2.800     3.000     2.375     0.000     0.000     0.000     0.000     1.000     0.000     5.000
     2.200     2.400     2.250     2.250     0.000     0.000     0.000     0.000     0.018     0.982     6.000
     3.000     2.600     2.000     2.375     0.000     0.000     0.000     0.000     0.000     1.000     6.000
     2.400     3.600     1.250     1.125     0.000     0.999     0.000     0.000     0.000     0.001     2.000
     3.200     3.000     1.000     1.375     0.000     1.000     0.000     0.000     0.000     0.000     2.000
         *     1.600     3.000     3.375     0.000     0.000     0.000     0.000     1.000     0.000     5.000
     2.600     2.400     2.250     2.125     0.000     0.000     0.000     0.000     0.019     0.981     6.000
     3.000     3.000     2.750     1.875     0.000     0.000     0.000     0.000     1.000     0.000     5.000
     2.600     2.800     2.750     2.625     0.000     0.000     0.000     0.000     1.000     0.000     5.000
     2.800     3.600     1.000     1.750     0.000     1.000     0.000     0.000     0.000     0.000     2.000
     4.000     4.000     1.000     1.625     0.000     1.000     0.000     0.000     0.000     0.000     2.000
     3.000     2.600     3.250     1.500     0.000     0.000     0.000     0.033     0.967     0.000     5.000
     2.200     3.400     1.000     3.500     0.000     1.000     0.000     0.000     0.000     0.000     2.000
     3.200     3.000     2.000     2.000     0.000     0.000     0.000     0.000     0.000     1.000     6.000
     3.200     3.000     2.000     2.500     0.000     0.000     0.000     0.000     0.000     1.000     6.000
     3.000     3.000     2.250     2.000     0.000     0.000     0.000     0.000     0.036     0.964     6.000
     3.000     3.000     2.750     1.750     0.000     0.000     0.000     0.000     1.000     0.000     5.000
     2.800     4.000     2.000     2.625     0.000     0.000     0.000     0.000     0.001     0.999     6.000
     4.000     4.000     1.000     2.125     0.000     1.000     0.000     0.000     0.000     0.000     2.000
     1.500     2.400     2.500     3.250     0.000     0.000     0.000     0.000     0.840     0.160     5.000
     2.200     2.400     3.000     3.500     0.000     0.000     0.000     0.000     1.000     0.000     5.000
     3.000     3.400     1.000     2.500     0.000     1.000     0.000     0.000     0.000     0.000     2.000
     3.400     3.000     2.000     1.125     0.000     0.000     0.000     0.000     0.000     1.000     6.000
     2.600     1.800     2.000     2.625     0.000     0.000     0.000     0.000     0.000     1.000     6.000
     2.800     3.000     1.250     2.000     0.000     0.999     0.000     0.000     0.000     0.001     2.000
     1.400     4.000     1.000     1.500     0.000     1.000     0.000     0.000     0.000     0.000     2.000
     2.000     3.600     1.000     2.125     0.000     1.000     0.000     0.000     0.000     0.000     2.000
     3.000     3.000     1.000     2.125     0.000     1.000     0.000     0.000     0.000     0.000     2.000
     2.200     3.000     2.750     1.875     0.000     0.000     0.000     0.000     0.999     0.001     5.000
     1.800     2.200     2.000     2.000     0.000     0.000     0.000     0.000     0.000     1.000     6.000
     3.600     4.000     1.750     1.625     0.000     0.000     0.000     0.000     0.000     1.000     6.000
     2.600     2.800     2.500     1.500     0.000     0.000     0.000     0.000     0.828     0.172     5.000
     3.000     2.800     2.750     2.875     0.000     0.000     0.000     0.000     1.000     0.000     5.000
     2.400     3.000     2.750     2.625     0.000     0.000     0.000     0.000     1.000     0.000     5.000
     1.800     3.000     2.000     2.857     0.000     0.000     0.000     0.000     0.000     1.000     6.000
     4.000     3.000     4.000     2.000     0.000     0.000     0.000     1.000     0.000     0.000     4.000
     2.200     3.000     2.000     2.000     0.000     0.000     0.000     0.000     0.000     1.000     6.000
     2.000     1.000     2.000     2.000     0.000     0.000     0.000     0.000     0.000     1.000     6.000
     1.600     2.000     2.000     1.875     0.000     0.000     0.000     0.000     0.000     1.000     6.000
     3.200     3.000     1.750     2.125     0.000     0.000     0.000     0.000     0.000     1.000     6.000
     3.600     2.600     2.000     3.375     0.000     0.000     0.000     0.000     0.000     1.000     6.000
     1.600     3.800     2.250     1.714     0.000     0.000     0.000     0.000     0.026     0.974     6.000
     3.400     1.800     2.500     2.750     0.000     0.000     0.000     0.000     0.771     0.229     5.000
     3.400     3.000     2.333     2.000     0.000     0.000     0.000     0.000     0.214     0.786     6.000
     2.400     2.800     2.250     1.750     0.000     0.000     0.000     0.000     0.021     0.979     6.000
     2.800     3.000     2.000     1.429     0.000     0.000     0.000     0.000     0.000     1.000     6.000
     3.200     4.000     2.000     2.000     0.000     0.000     0.000     0.000     0.000     1.000     6.000
     3.250     3.200     2.250     1.500     0.000     0.000     0.000     0.000     0.035     0.965     6.000
     3.000     4.000     1.000     2.375     0.000     1.000     0.000     0.000     0.000     0.000     2.000
     2.000     2.800     1.000     2.125     0.000     1.000     0.000     0.000     0.000     0.000     2.000
     3.200     4.000     2.000     2.375     0.000     0.000     0.000     0.000     0.001     0.999     6.000
     3.800     3.200     2.000     2.625     0.000     0.000     0.000     0.000     0.000     1.000     6.000
     2.400     2.000     2.250     3.125     0.000     0.000     0.000     0.000     0.015     0.985     6.000
     2.600     1.000     2.250     2.000     0.000     0.000     0.000     0.000     0.008     0.992     6.000
     3.400     3.800     3.000     1.125     0.000     0.000     0.000     0.000     1.000     0.000     5.000
     1.600     2.000     2.250     1.000     0.000     0.000     0.000     0.000     0.011     0.989     6.000
     2.000     1.200     3.750     2.125     0.000     0.000     0.000     1.000     0.000     0.000     4.000
     1.800     1.800     3.000     2.125     0.000     0.000     0.000     0.000     1.000     0.000     5.000
     1.600     3.000     1.500     1.714     0.000     0.872     0.000     0.000     0.000     0.127     2.000
     2.200     2.400     1.250     2.250     0.000     0.999     0.001     0.000     0.000     0.000     2.000
     1.600     2.000     2.750     1.750     0.000     0.000     0.000     0.000     0.998     0.002     5.000
     3.000     2.800     2.000     1.000     0.000     0.000     0.000     0.000     0.000     1.000     6.000
     3.000     3.000     4.000     2.000     0.000     0.000     0.000     1.000     0.000     0.000     4.000
     2.400     2.400     4.000     2.500     0.000     0.000     0.000     1.000     0.000     0.000     4.000
     3.800     3.000     2.000     2.500     0.000     0.000     0.000     0.000     0.000     1.000     6.000
     2.600     2.800     3.000     3.000     0.000     0.000     0.000     0.000     1.000     0.000     5.000
     1.400     1.400     2.000     2.375     0.000     0.000     0.000     0.000     0.000     1.000     6.000
     3.400     4.000     2.000     1.125     0.000     0.000     0.000     0.000     0.000     1.000     6.000
     3.200     3.000     2.750     1.857     0.000     0.000     0.000     0.000     1.000     0.000     5.000
     1.000     1.000     3.000     1.250     0.000     0.000     0.000     0.000     1.000     0.000     5.000
     3.400     3.200     2.250     2.125     0.000     0.000     0.000     0.000     0.054     0.946     6.000
     1.600     2.000     2.500     1.500     0.000     0.000     0.000     0.000     0.663     0.337     5.000
     2.600     2.800     2.000     2.375     0.000     0.000     0.000     0.000     0.000     1.000     6.000
     2.800     2.800     2.000     2.625     0.000     0.000     0.000     0.000     0.000     1.000     6.000
     3.200     2.600     2.250     2.500     0.000     0.000     0.000     0.000     0.032     0.968     6.000
     1.600     2.000     3.750     3.375     0.000     0.000     0.000     1.000     0.000     0.000     4.000
     3.400     3.000     2.500     1.000     0.000     0.000     0.000     0.000     0.871     0.129     5.000
     3.400     3.000     3.000     1.375     0.000     0.000     0.000     0.000     1.000     0.000     5.000
     3.800     3.000     2.000     1.500     0.000     0.000     0.000     0.000     0.000     1.000     6.000
     3.000     2.600     2.000     2.125     0.000     0.000     0.000     0.000     0.000     1.000     6.000
     3.400     3.000     2.250     1.875     0.000     0.000     0.000     0.000     0.039     0.961     6.000
     3.200     1.800     1.250     1.125     0.942     0.058     0.000     0.000     0.000     0.000     1.000
     3.400     3.200     1.750     1.125     0.000     0.000     0.000     0.000     0.000     1.000     6.000
     2.600     1.800     2.750     3.000     0.000     0.000     0.000     0.000     0.999     0.001     5.000
     2.400     3.000     2.750     1.875     0.000     0.000     0.000     0.000     0.999     0.001     5.000
     2.800     4.000     1.000     1.429     0.000     1.000     0.000     0.000     0.000     0.000     2.000
     1.000     1.000     2.750     1.000     0.000     0.000     0.000     0.000     0.996     0.004     5.000
     2.500     2.600     2.000     2.250     0.000     0.000     0.000     0.000     0.000     1.000     6.000
     3.400     3.400     1.750     1.000     0.000     0.000     0.000     0.000     0.000     1.000     6.000
     1.800     3.000     2.500     2.125     0.000     0.000     0.000     0.000     0.843     0.157     5.000
     2.000     2.400     2.750     3.500     0.000     0.000     0.000     0.000     0.999     0.001     5.000
     3.400     3.400     1.750     2.375     0.000     0.000     0.000     0.000     0.000     1.000     6.000
     2.600     2.800     1.750     2.625     0.000     0.000     0.000     0.000     0.000     1.000     6.000
     3.200     3.000     1.750     2.000     0.000     0.000     0.000     0.000     0.000     1.000     6.000
     2.800     2.800     2.000     3.125     0.000     0.000     0.000     0.000     0.000     1.000     6.000
     2.200     2.600     2.250     1.500     0.000     0.000     0.000     0.000     0.016     0.984     6.000
     2.000     4.000     2.500     2.000     0.000     0.000     0.000     0.000     0.934     0.066     5.000
     2.400     1.000     1.500     2.000     0.000     0.012     0.988     0.000     0.000     0.000     3.000
     1.800     2.000     3.000     2.333     0.000     0.000     0.000     0.000     1.000     0.000     5.000
     2.600     3.000     2.750     1.625     0.000     0.000     0.000     0.000     0.999     0.001     5.000
     2.200     3.000     1.000     2.250     0.000     1.000     0.000     0.000     0.000     0.000     2.000
     2.200     1.800     2.000     3.000     0.000     0.000     0.000     0.000     0.000     1.000     6.000
     4.000     4.000     2.250     2.000     0.000     0.000     0.000     0.000     0.143     0.857     6.000
     2.500     2.400     2.250     2.750     0.000     0.000     0.000     0.000     0.023     0.977     6.000
     1.800     2.000     2.000     3.500     0.000     0.000     0.000     0.000     0.000     1.000     6.000
     2.400     3.000     1.000     2.500     0.000     1.000     0.000     0.000     0.000     0.000     2.000
     2.800     3.800     2.500     2.500     0.000     0.000     0.000     0.000     0.973     0.027     5.000
