     3.800     4.000     2.000     1.000     0.000     0.738     0.000     0.261     0.000     0.000     2.000
     3.000     3.000     2.500     2.750     0.965     0.000     0.034     0.000     0.000     0.000     1.000
     1.800     2.800     3.500     3.375     0.058     0.000     0.942     0.000     0.000     0.000     3.000
     1.400     1.000     2.750     2.750     0.000     0.000     1.000     0.000     0.000     0.000     3.000
     1.800     2.200     2.000     2.000     0.000     0.000     0.119     0.000     0.881     0.000     5.000
     1.600     1.600     2.750     1.875     0.000     0.000     0.914     0.000     0.086     0.000     3.000
     3.000     3.800     1.250     2.250     0.000     0.000     0.005     0.995     0.000     0.000     4.000
     2.600     2.200     2.000     2.000     0.000     0.000     0.104     0.000     0.896     0.000     5.000
     1.000     2.800     1.000     2.625     0.034     0.000     0.938     0.000     0.028     0.000     3.000
     2.200     2.000     1.000     1.750     0.000     0.000     0.466     0.000     0.534     0.000     5.000
     2.400     2.400     2.250     2.000     0.000     0.000     0.077     0.000     0.923     0.000     5.000
     2.600     3.000     2.000     1.500     0.957     0.000     0.013     0.001     0.030     0.000     1.000
     2.800     2.400     1.750     1.500     0.000     0.000     0.249     0.000     0.751     0.000     5.000
     3.600     1.600     2.250     3.125     0.000     0.000     1.000     0.000     0.000     0.000     3.000
     1.800     1.800     2.500     2.750     0.000     0.000     0.981     0.000     0.019     0.000     3.000
     2.200     2.400     3.000     2.250     0.000     0.000     0.357     0.000     0.643     0.000     5.000
     2.200     1.800     2.000     2.000     0.000     0.000     0.391     0.000     0.609     0.000     5.000
     1.800     2.400     2.000     2.000     0.000     0.000     0.085     0.000     0.915     0.000     5.000
     1.600     2.400     2.250     2.875     0.000     0.000     0.982     0.000     0.018     0.000     3.000
     2.200     3.000     1.000     2.250     0.938     0.000     0.030     0.001     0.030     0.000     1.000
     3.800     2.600     1.750     1.875     0.002     0.000     0.292     0.000     0.706     0.000     5.000
     4.200     3.000     1.250     1.714     0.950     0.000     0.035     0.007     0.007     0.000     1.000
     1.600     2.000     3.500     2.625     0.000     0.000     0.989     0.000     0.011     0.000     3.000
     1.400     2.400     2.000     2.000     0.000     0.000     0.133     0.000     0.867     0.000     5.000
     2.600     2.000     2.000     3.000     0.000     0.000     0.998     0.000     0.002     0.000     3.000
         *     3.000         *         *     0.886     0.026     0.056     0.001     0.031     0.000     1.000
     2.200     2.000     2.750     2.000     0.000     0.000     0.332     0.000     0.668     0.000     5.000
     1.800     2.000     2.250     1.500     0.000     0.000     0.668     0.000     0.332     0.000     3.000
     2.800     2.800     3.000     2.750     0.832     0.000     0.166     0.000     0.003     0.000     1.000
     2.000     3.600     1.250     1.000     0.000     0.938     0.002     0.060     0.000     0.000     2.000
     3.800     4.000     2.750     1.000     0.000     0.622     0.004     0.374     0.000     0.000     2.000
     2.400     2.600     2.500     2.000     0.003     0.000     0.097     0.000     0.900     0.000     5.000
     3.400     4.000     1.667     1.125     0.000     0.199     0.001     0.800     0.000     0.000     4.000
     4.800     4.000     4.000     1.000     0.000     0.000     0.000     0.000     0.000     1.000     6.000
     2.400     2.200     2.500     2.875     0.000     0.000     0.983     0.000     0.017     0.000     3.000
     2.800     3.000     1.000     2.250     0.980     0.000     0.011     0.001     0.008     0.000     1.000
     1.800     3.000     2.250     3.625     0.153     0.000     0.846     0.000     0.000     0.000     3.000
     1.600     2.400     2.500     2.125     0.000     0.000     0.184     0.000     0.816     0.000     5.000
     1.000     4.000     2.000     1.500     0.000     0.000     0.550     0.450     0.000     0.000     3.000
     1.000     2.000     3.000     2.000     0.000     0.000     0.833     0.000     0.167     0.000     3.000
     3.200     3.400     1.750     2.250     0.002     0.000     0.082     0.905     0.011     0.000     4.000
     2.400     2.000     1.750     2.250     0.000     0.000     0.294     0.000     0.706     0.000     5.000
     2.400     3.000     4.000     2.125     0.525     0.000     0.467     0.000     0.008     0.000     1.000
     2.600     3.000     2.250     2.000     0.905     0.000     0.016     0.000     0.079     0.000     1.000
     1.400     2.600     3.000     2.250     0.001     0.000     0.595     0.000     0.405     0.000     3.000
     2.800     3.000     4.000     2.286     0.705     0.000     0.292     0.000     0.003     0.000     1.000
     3.000     3.400     4.000     1.375     0.000     0.000     0.009     0.000     0.000     0.991     6.000
     2.000     3.400     1.750     1.500     0.001     0.000     0.253     0.670     0.077     0.000     4.000
     2.600     2.800     2.250     1.667     0.576     0.000     0.058     0.000     0.366     0.000     1.000
     1.800     1.600     3.750     2.286     0.000     0.000     0.995     0.000     0.005     0.000     3.000
     2.600     3.400     1.750     1.750     0.002     0.000     0.094     0.831     0.074     0.000     4.000
     2.800     3.200     1.250     1.125     0.238     0.727     0.010     0.024     0.000     0.000     2.000
     2.400     2.800     2.750     3.000     0.719     0.000     0.280     0.000     0.000     0.000     1.000
     3.200     3.000     2.667     2.250     0.968     0.000     0.018     0.000     0.013     0.000     1.000
     1.000     2.600     2.000     2.375     0.000     0.000     0.542     0.000     0.458     0.000     3.000
     3.200     3.000     1.000     2.625     0.983     0.000     0.016     0.001     0.000     0.000     1.000
     4.000     2.800     2.500     3.000     0.624     0.000     0.376     0.000     0.000     0.000     1.000
     3.000     3.000     2.000     2.625     0.981     0.000     0.018     0.000     0.001     0.000     1.000
     3.000     4.000     3.667     1.000     0.000     0.000     0.001     0.001     0.000     0.998     6.000
     2.400     3.000     3.000     2.875     0.792     0.000     0.208     0.000     0.000     0.000     1.000
     2.800     2.600     3.000     1.500     0.010     0.000     0.587     0.000     0.403     0.000     3.000
     3.000     3.000     2.750     2.125     0.954     0.000     0.020     0.000     0.026     0.000     1.000
     2.600     4.000     2.000     1.750     0.000     0.000     0.010     0.990     0.000     0.000     4.000
     3.000     2.000     2.750     2.000     0.000     0.000     0.393     0.000     0.607     0.000     5.000
     2.200     2.400     4.000     2.000     0.000     0.000     0.945     0.000     0.055     0.000     3.000
     3.400     4.000     2.500     2.000     0.000     0.000     0.013     0.987     0.000     0.000     4.000
     3.200     3.000     2.500     1.875     0.959     0.000     0.012     0.000     0.029     0.000     1.000
     3.400     3.750     1.250     2.143     0.000     0.000     0.003     0.997     0.000     0.000     4.000
     2.000     2.000     2.500     2.250     0.000     0.000     0.355     0.000     0.645     0.000     5.000
     3.400     3.800     1.000     1.250     0.000     0.000     0.001     0.999     0.000     0.000     4.000
     2.800     4.000     2.000     2.000     0.000     0.000     0.010     0.990     0.000     0.000     4.000
     2.000     3.000     1.000     1.750     0.853     0.000     0.039     0.001     0.107     0.000     1.000
     2.600     3.000     2.000     2.000     0.911     0.000     0.013     0.000     0.076     0.000     1.000
     3.500     2.800     2.000     3.286     0.747     0.000     0.253     0.000     0.000     0.000     1.000
     2.200     3.000     2.000     2.000     0.799     0.000     0.029     0.000     0.172     0.000     1.000
     1.000     2.600     1.500     1.857     0.000     0.000     0.249     0.000     0.751     0.000     5.000
     3.000     3.000     1.750     1.500     0.977     0.000     0.008     0.001     0.014     0.000     1.000
     2.200     1.000     3.250     1.250     0.000     0.000     1.000     0.000     0.000     0.000     3.000
     3.800     3.600     4.000     2.000     0.000     0.000     0.775     0.225     0.000     0.000     3.000
     2.000     3.000     3.000     2.000     0.645     0.000     0.184     0.000     0.171     0.000     1.000
     3.000     3.000     2.000     2.000     0.954     0.000     0.009     0.000     0.037     0.000     1.000
     3.400     3.000     1.000     1.250     0.985     0.001     0.010     0.003     0.001     0.000     1.000
     2.000     3.000     1.000     2.000     0.851     0.000     0.041     0.001     0.107     0.000     1.000
     1.000     2.200     2.500     2.286     0.000     0.000     0.591     0.000     0.409     0.000     3.000
     1.000     1.200     1.000     3.500     0.000     0.000     1.000     0.000     0.000     0.000     3.000
     2.400     3.600     2.000     1.875     0.000     0.000     0.055     0.936     0.009     0.000     4.000
     1.000     2.000     3.000     3.000     0.000     0.000     1.000     0.000     0.000     0.000     3.000
     1.000     1.000     4.000     4.000     0.000     0.000     1.000     0.000     0.000     0.000     3.000
     2.600     2.200     2.000     1.875     0.000     0.000     0.107     0.000     0.893     0.000     5.000
     4.000     3.000     2.250     1.000     0.165     0.828     0.006     0.000     0.000     0.000     2.000
         *     2.400         *         *     0.000     0.042     0.424     0.000     0.534     0.000     5.000
     3.800     3.600     1.000     1.000     0.000     0.886     0.000     0.114     0.000     0.000     2.000
     2.800     4.000     1.000     2.000     0.000     0.000     0.002     0.998     0.000     0.000     4.000
     3.000     4.000     1.000     1.000     0.000     0.706     0.000     0.294     0.000     0.000     2.000
     3.000     3.000     2.000     1.875     0.951     0.000     0.008     0.001     0.040     0.000     1.000
     3.000     2.600     2.000     2.000     0.003     0.000     0.090     0.000     0.907     0.000     5.000
     2.800     3.000     2.000     3.125     0.940     0.000     0.060     0.000     0.000     0.000     1.000
     2.600     2.800     2.000     2.000     0.521     0.000     0.041     0.000     0.438     0.000     1.000
     4.000     3.400     3.000     2.000     0.001     0.000     0.346     0.646     0.007     0.000     4.000
     2.000     2.600     1.750     2.625     0.011     0.000     0.718     0.000     0.271     0.000     3.000
     3.200     3.000     1.000     1.000     0.142     0.856     0.002     0.000     0.000     0.000     2.000
     3.000     2.400     2.000     2.375     0.000     0.000     0.307     0.000     0.693     0.000     5.000
     2.200     2.600     1.000     1.000     0.000     0.982     0.017     0.000     0.000     0.000     2.000
     2.500     2.600     2.000     2.125     0.003     0.000     0.083     0.000     0.914     0.000     5.000
     3.400     3.800     2.000     2.625     0.000     0.000     0.021     0.979     0.000     0.000     4.000
     2.600     3.200     1.000     3.000     0.547     0.000     0.376     0.076     0.000     0.000     1.000
     3.000     3.000     2.000     2.000     0.954     0.000     0.009     0.000     0.037     0.000     1.000
     2.800     3.000     2.000     1.750     0.942     0.000     0.009     0.000     0.048     0.000     1.000
     3.000     3.000     1.000     2.000     0.978     0.000     0.008     0.001     0.013     0.000     1.000
     2.800     3.000     2.000     2.250     0.961     0.000     0.012     0.000     0.026     0.000     1.000
         *     2.800         *         *     0.574     0.054     0.185     0.000     0.187     0.000     1.000
     2.800     2.600     1.750     1.000     0.000     0.976     0.023     0.000     0.001     0.000     2.000
     2.000     3.000     2.250     1.625     0.766     0.000     0.065     0.000     0.169     0.000     1.000
         *     2.200         *         *     0.000     0.029     0.521     0.000     0.450     0.000     3.000
     4.000     1.000     2.000     2.750     0.000     0.000     1.000     0.000     0.000     0.000     3.000
     1.400     2.200     1.500     1.000     0.000     0.739     0.259     0.000     0.001     0.000     2.000
     3.000     2.800     2.000     3.143     0.850     0.000     0.150     0.000     0.000     0.000     1.000
     1.400     1.600     3.500     2.500     0.000     0.000     0.997     0.000     0.003     0.000     3.000
     2.400     2.400     2.000     2.000     0.000     0.000     0.068     0.000     0.932     0.000     5.000
     3.000     3.000     2.000     2.750     0.977     0.000     0.022     0.000     0.000     0.000     1.000
     2.800     2.600     2.250     3.000     0.035     0.000     0.963     0.000     0.002     0.000     3.000
     3.400     1.200     3.000     2.250     0.000     0.000     0.999     0.000     0.001     0.000     3.000
     2.000     3.000     2.000     2.000     0.694     0.000     0.049     0.000     0.258     0.000     1.000
     3.400     4.000     2.500     1.429     0.000     0.000     0.008     0.992     0.000     0.000     4.000
     3.200     3.000     1.750     1.750     0.968     0.000     0.007     0.001     0.024     0.000     1.000
     3.200     3.000     2.000     2.000     0.963     0.000     0.008     0.001     0.028     0.000     1.000
     2.600     2.200     2.000     2.375     0.000     0.000     0.291     0.000     0.709     0.000     5.000
     3.600     2.800     1.000     2.375     0.819     0.000     0.159     0.001     0.022     0.000     1.000
     3.400     2.000     2.750     3.625     0.000     0.000     1.000     0.000     0.000     0.000     3.000
     2.800     3.000     2.000     2.375     0.971     0.000     0.014     0.000     0.014     0.000     1.000
     1.000     1.000     3.250     2.625     0.000     0.000     1.000     0.000     0.000     0.000     3.000
     2.200     3.400     1.250     3.625     0.000     0.000     0.932     0.068     0.000     0.000     3.000
     2.600     3.000     2.000     2.750     0.964     0.000     0.035     0.000     0.001     0.000     1.000
     2.600     4.000     2.000     1.000     0.000     0.764     0.002     0.234     0.000     0.000     2.000
     2.800     3.000     2.000     1.875     0.935     0.000     0.009     0.000     0.055     0.000     1.000
         *         *     2.000     1.250     0.436     0.008     0.157     0.379     0.021     0.000     1.000
     2.200     2.600     2.000     1.000     0.000     0.911     0.086     0.000     0.002     0.000     2.000
     2.200     2.800     2.000     2.000     0.340     0.000     0.056     0.000     0.604     0.000     5.000
     3.000     2.600     2.000     2.000     0.003     0.000     0.090     0.000     0.907     0.000     5.000
     2.250     3.200     2.000     2.000     0.385     0.000     0.172     0.046     0.398     0.000     5.000
     1.000     1.600     1.750         *     0.000     0.002     0.970     0.000     0.028     0.000     3.000
     2.600     1.000     1.500     2.375     0.000     0.000     1.000     0.000     0.000     0.000     3.000
     1.600     2.400     2.000     2.000     0.000     0.000     0.104     0.000     0.896     0.000     5.000
     3.500     2.800     2.250     2.000     0.720     0.000     0.064     0.000     0.216     0.000     1.000
     3.400     2.800     1.750     2.125     0.761     0.000     0.060     0.000     0.179     0.000     1.000
     1.800     3.000         *     2.500     0.690     0.000     0.262     0.001     0.048     0.000     1.000
     3.000     3.000     2.000     1.875     0.951     0.000     0.008     0.001     0.040     0.000     1.000
     2.400     2.800     2.750     2.375     0.720     0.000     0.137     0.000     0.143     0.000     1.000
     4.800     2.800     1.500     2.500     0.084     0.000     0.913     0.001     0.002     0.000     3.000
     2.800     2.800     2.000     1.375     0.799     0.000     0.084     0.000     0.118     0.000     1.000
     2.600     2.000     1.000     1.750     0.000     0.000     0.500     0.000     0.500     0.000     3.000
     3.000     3.000     4.000     2.000     0.800     0.000     0.196     0.000     0.004     0.000     1.000
     2.800     2.600     2.000     2.000     0.003     0.000     0.075     0.000     0.922     0.000     5.000
     1.400     2.000     2.750     2.125     0.000     0.000     0.548     0.000     0.452     0.000     3.000
         *         *     1.000         *     0.286     0.141     0.142     0.373     0.058     0.000     4.000
     3.000     2.800     2.000     2.000     0.646     0.000     0.040     0.000     0.314     0.000     1.000
     2.600     2.000     2.750     2.750     0.000     0.000     0.967     0.000     0.033     0.000     3.000
     2.600     3.000     3.000     1.875     0.905     0.000     0.043     0.000     0.052     0.000     1.000
     3.200     2.400     2.000     2.143     0.000     0.000     0.159     0.000     0.841     0.000     5.000
     3.000     3.000     2.500     1.500     0.973     0.000     0.013     0.000     0.013     0.000     1.000
     3.000     2.000     2.000     4.000     0.000     0.000     1.000     0.000     0.000     0.000     3.000
     4.400     1.400     4.000     2.375     0.000     0.000     1.000     0.000     0.000     0.000     3.000
     3.000     2.600     2.000     2.375     0.013     0.000     0.308     0.000     0.678     0.000     5.000
     2.600     3.000     2.000     2.500     0.968     0.000     0.023     0.000     0.009     0.000     1.000
     2.400     3.200     1.000     2.375     0.708     0.000     0.164     0.102     0.026     0.000     1.000
     2.200     3.000     2.000     2.000     0.799     0.000     0.029     0.000     0.172     0.000     1.000
     2.800     2.800     2.000     2.500     0.884     0.000     0.068     0.000     0.048     0.000     1.000
     2.200     2.600     1.250     1.750     0.001     0.000     0.107     0.000     0.892     0.000     5.000
     3.400     3.000     2.000     2.625     0.981     0.000     0.018     0.001     0.001     0.000     1.000
     3.800     2.800     2.000     3.000     0.748     0.000     0.252     0.000     0.000     0.000     1.000
     2.000     2.000     2.000     2.000     0.000     0.000     0.193     0.000     0.807     0.000     5.000
     3.000     2.000     3.000     1.857     0.000     0.000     0.561     0.000     0.439     0.000     3.000
     4.400     2.800     2.250     1.625     0.404     0.000     0.484     0.001     0.110     0.000     3.000
     2.800     4.000     1.000     1.500     0.000     0.000     0.001     0.999     0.000     0.000     4.000
     1.400     2.000     2.000     3.750     0.000     0.000     1.000     0.000     0.000     0.000     3.000
     3.400     4.000     2.000     1.750     0.000     0.000     0.003     0.997     0.000     0.000     4.000
     2.800     2.800     1.250     2.750     0.893     0.000     0.105     0.000     0.002     0.000     1.000
     2.200     3.000     2.000     2.250     0.866     0.000     0.038     0.000     0.095     0.000     1.000
     2.800     3.800     2.500     1.750     0.000     0.000     0.028     0.972     0.000     0.000     4.000
     2.400     2.800     3.000     2.375     0.711     0.000     0.182     0.000     0.107     0.000     1.000
     2.000     2.400     3.500     2.625     0.000     0.000     0.971     0.000     0.029     0.000     3.000
     3.000     2.400     3.000     3.000     0.000     0.000     0.999     0.000     0.001     0.000     3.000
     2.800     3.000     2.000     3.125     0.940     0.000     0.060     0.000     0.000     0.000     1.000
     3.000     1.600     2.750     2.250     0.000     0.000     0.909     0.000     0.091     0.000     3.000
     2.800     2.400     3.000     2.286     0.000     0.000     0.411     0.000     0.589     0.000     5.000
     3.000     1.400     2.250     2.625     0.000     0.000     0.997     0.000     0.003     0.000     3.000
     2.800     2.800     1.750     2.875     0.895     0.000     0.105     0.000     0.001     0.000     1.000
     2.200     2.600     2.000     2.000     0.001     0.000     0.065     0.000     0.933     0.000     5.000
     2.600     3.200     3.000     2.750     0.190     0.000     0.795     0.013     0.002     0.000     3.000
     2.000     2.200     3.000     2.000     0.000     0.000     0.341     0.000     0.659     0.000     5.000
     2.200     2.000     1.000     2.000     0.000     0.000     0.399     0.000     0.601     0.000     5.000
     3.600     2.600     3.500     2.250     0.012     0.000     0.874     0.000     0.114     0.000     3.000
     3.200     3.000     1.000     2.000     0.981     0.000     0.008     0.001     0.010     0.000     1.000
     3.200     3.000     1.500     1.750     0.972     0.000     0.007     0.001     0.020     0.000     1.000
     2.000     2.600     2.750     2.000     0.002     0.000     0.169     0.000     0.829     0.000     5.000
     3.200     2.600     2.000     2.625     0.030     0.000     0.817     0.000     0.153     0.000     3.000
     2.200     2.000     3.000     2.000     0.000     0.000     0.468     0.000     0.532     0.000     5.000
     3.400     4.000     2.500     2.750     0.000     0.000     0.065     0.935     0.000     0.000     4.000
     2.000     2.600     2.500     1.750     0.001     0.000     0.142     0.000     0.856     0.000     5.000
     2.800     3.000     2.000     2.000     0.937     0.000     0.010     0.000     0.052     0.000     1.000
     3.400     3.800     1.500     2.000     0.000     0.000     0.003     0.997     0.000     0.000     4.000
     3.800     3.000     1.000     1.000     0.046     0.953     0.001     0.000     0.000     0.000     2.000
     3.400     3.000     3.000     2.375     0.961     0.000     0.034     0.000     0.004     0.000     1.000
     2.600     3.400     1.750     2.875     0.000     0.000     0.447     0.552     0.000     0.000     4.000
     3.000     3.800     2.000     2.000     0.000     0.000     0.010     0.990     0.000     0.000     4.000
     2.600     3.000     3.000     2.000     0.902     0.000     0.045     0.000     0.053     0.000     1.000
     3.000     3.000     2.000     3.000     0.962     0.000     0.038     0.000     0.000     0.000     1.000
     1.600     1.000     4.000     2.000     0.000     0.000     1.000     0.000     0.000     0.000     3.000
     2.200     2.800     2.000     3.000     0.736     0.000     0.263     0.000     0.000     0.000     1.000
     2.600     2.800     2.000     2.750     0.888     0.000     0.106     0.000     0.006     0.000     1.000
     4.000     4.000     1.000     1.750     0.000     0.000     0.001     0.999     0.000     0.000     4.000
     4.000     4.000     1.000     1.625     0.000     0.000     0.001     0.999     0.000     0.000     4.000
     3.400     3.800     2.000     3.000     0.000     0.000     0.061     0.939     0.000     0.000     4.000
     3.000     3.000     1.750     2.750     0.980     0.000     0.020     0.000     0.000     0.000     1.000
     3.400     3.400     2.000     1.571     0.003     0.000     0.051     0.934     0.012     0.000     4.000
     3.000     3.000     2.000     2.000     0.954     0.000     0.009     0.000     0.037     0.000     1.000
     2.200     3.000     2.000     3.000     0.863     0.000     0.137     0.000     0.000     0.000     1.000
     3.000     3.000     2.000         *     0.952     0.015     0.015     0.000     0.018     0.000     1.000
     3.400     4.000     1.000     1.125     0.000     0.092     0.001     0.907     0.000     0.000     4.000
     2.500     3.000     2.000     2.000     0.892     0.000     0.015     0.000     0.092     0.000     1.000
     2.400     3.000     2.000     2.000     0.868     0.000     0.019     0.000     0.113     0.000     1.000
     3.600     4.000     1.500     3.000     0.000     0.000     0.021     0.979     0.000     0.000     4.000
     3.400     3.600     1.000     1.625     0.000     0.000     0.004     0.996     0.000     0.000     4.000
     3.400     3.000     2.500     1.875     0.965     0.000     0.012     0.000     0.023     0.000     1.000
     3.000     2.600     2.000     3.000     0.032     0.000     0.966     0.000     0.002     0.000     3.000
         *     2.200     2.500     2.250     0.000     0.000     0.294     0.000     0.706     0.000     5.000
     2.800     3.000     2.750     1.750     0.941     0.000     0.021     0.000     0.038     0.000     1.000
     3.000     2.800     2.250     1.375     0.829     0.000     0.086     0.000     0.085     0.000     1.000
     4.000     3.600     1.000     2.250     0.000     0.000     0.007     0.993     0.000     0.000     4.000
     3.400     4.000     1.000     1.500     0.000     0.000     0.001     0.999     0.000     0.000     4.000
     3.000     2.800     2.000     2.000     0.646     0.000     0.040     0.000     0.314     0.000     1.000
     3.800     4.000     4.000     1.375     0.000     0.000     0.000     0.000     0.000     1.000     6.000
     3.200     3.000     2.000     2.000     0.963     0.000     0.008     0.001     0.028     0.000     1.000
     3.600     4.000     2.000     1.000     0.000     0.720     0.001     0.280     0.000     0.000     2.000
         *     3.800     1.000     1.500     0.000     0.000     0.003     0.996     0.000     0.000     4.000
     2.600     3.000     3.000     2.500     0.916     0.000     0.076     0.000     0.008     0.000     1.000
     3.200     4.000     1.000     1.000     0.000     0.695     0.000     0.305     0.000     0.000     2.000
     2.800     4.000     1.000     1.250     0.000     0.000     0.001     0.999     0.000     0.000     4.000
     2.200     3.600     2.500     1.250     0.000     0.013     0.169     0.817     0.001     0.000     4.000
     2.200     2.800     1.250     1.750     0.391     0.000     0.075     0.000     0.534     0.000     5.000
     4.800     4.000     1.000     1.125     0.000     0.170     0.001     0.829     0.000     0.000     4.000
     3.600     3.400     1.000     1.375     0.003     0.000     0.016     0.981     0.000     0.000     4.000
     2.600     3.000     2.000     1.750     0.918     0.000     0.012     0.000     0.069     0.000     1.000
     1.800     2.400     3.500     1.750     0.000     0.000     0.808     0.000     0.192     0.000     3.000
     3.200     3.400     2.500     1.500     0.003     0.000     0.141     0.839     0.017     0.000     4.000
     3.200     3.800     2.500     3.500     0.000     0.000     0.573     0.427     0.000     0.000     3.000
     3.200     3.200     2.000     2.250     0.804     0.000     0.083     0.071     0.041     0.000     1.000
     2.200     3.000     2.000     2.000     0.799     0.000     0.029     0.000     0.172     0.000     1.000
     2.000     1.600     1.000     2.750     0.000     0.000     0.998     0.000     0.002     0.000     3.000
     2.400     3.000     2.000     2.000     0.868     0.000     0.019     0.000     0.113     0.000     1.000
     1.600     1.000     2.000     2.250     0.000     0.000     0.999     0.000     0.001     0.000     3.000
     1.000     2.750     2.000     2.000     0.005     0.000     0.286     0.000     0.709     0.000     5.000
     2.600     2.200     1.500     1.875     0.000     0.000     0.130     0.000     0.870     0.000     5.000
     3.800     3.000     3.000     2.500     0.941     0.000     0.057     0.000     0.001     0.000     1.000
     3.000     2.750     2.000     1.125     0.070     0.888     0.037     0.000     0.004     0.000     2.000
     2.800     3.400     1.000     2.125     0.002     0.000     0.055     0.934     0.009     0.000     4.000
     3.000     3.000     1.500     1.625     0.972     0.000     0.007     0.001     0.020     0.000     1.000
     1.400     1.600     4.000     2.375     0.000     0.000     0.999     0.000     0.001     0.000     3.000
     2.600     3.000     1.250     1.000     0.214     0.782     0.004     0.000     0.000     0.000     2.000
     1.600     2.600     2.000     2.375     0.001     0.000     0.301     0.000     0.698     0.000     5.000
     2.400     2.800     1.750     1.875     0.415     0.000     0.045     0.000     0.540     0.000     5.000
     3.000     2.800     2.500     2.125     0.732     0.000     0.054     0.000     0.214     0.000     1.000
     2.600     2.200     2.000     3.000     0.000     0.000     0.997     0.000     0.003     0.000     3.000
     3.200     3.200     1.750     1.875     0.817     0.000     0.040     0.077     0.066     0.000     1.000
     3.600     3.000     2.000     1.000     0.260     0.736     0.004     0.000     0.000     0.000     2.000
     2.000     3.000     3.000     3.500     0.158     0.000     0.842     0.000     0.000     0.000     3.000
     2.800     3.000     2.500     1.500     0.966     0.000     0.016     0.000     0.018     0.000     1.000
     2.250     3.200     3.000     1.875     0.216     0.000     0.537     0.017     0.230     0.000     3.000
     1.000     1.000     1.000     2.000     0.000     0.000     1.000     0.000     0.000     0.000     3.000
     2.800     3.000     2.000     2.125     0.948     0.000     0.011     0.000     0.041     0.000     1.000
     2.800     2.400     2.250     2.000     0.000     0.000     0.089     0.000     0.911     0.000     5.000
     1.000     1.000     4.000     4.000     0.000     0.000     1.000     0.000     0.000     0.000     3.000
     3.000     4.000     1.000         *     0.000     0.062     0.003     0.935     0.000     0.000     4.000
     2.800     4.000     1.000     2.250     0.000     0.000     0.004     0.996     0.000     0.000     4.000
     1.000     1.000     4.000     3.875     0.000     0.000     1.000     0.000     0.000     0.000     3.000
     3.800     3.000     1.000     2.625     0.966     0.000     0.031     0.002     0.000     0.000     1.000
     3.200     3.800     1.750     2.143     0.000     0.000     0.006     0.994     0.000     0.000     4.000
     2.400     2.800     1.500     2.875     0.839     0.000     0.160     0.000     0.001     0.000     1.000
     1.200     1.800     3.250     2.875     0.000     0.000     0.999     0.000     0.001     0.000     3.000
     3.200     4.000     1.000     1.375     0.000     0.000     0.001     0.999     0.000     0.000     4.000
     2.000     3.400     1.000     1.125     0.000     0.864     0.020     0.116     0.000     0.000     2.000
     3.000     4.000     2.000     2.000     0.000     0.000     0.007     0.993     0.000     0.000     4.000
     1.400     2.800     1.250     1.625     0.085     0.000     0.269     0.000     0.646     0.000     5.000
     3.600     3.800     2.000     2.000     0.000     0.000     0.005     0.995     0.000     0.000     4.000
     2.600     3.200     2.250     1.250     0.788     0.014     0.126     0.056     0.016     0.000     1.000
     4.000     4.000     1.000     1.375     0.000     0.000     0.001     0.999     0.000     0.000     4.000
     3.400     3.200     2.000     1.750     0.829     0.000     0.044     0.077     0.050     0.000     1.000
     1.000     1.000     4.000     2.125     0.000     0.000     1.000     0.000     0.000     0.000     3.000
     2.000     4.000     1.000     2.250     0.000     0.000     0.021     0.979     0.000     0.000     4.000
     2.800     2.000     2.500     1.750     0.000     0.000     0.363     0.000     0.637     0.000     5.000
     3.000     3.000     4.000     3.000     0.472     0.000     0.528     0.000     0.000     0.000     3.000
     3.000     3.000     2.000     2.000     0.954     0.000     0.009     0.000     0.037     0.000     1.000
     2.000     2.600     3.000     1.750     0.003     0.000     0.350     0.000     0.648     0.000     5.000
     2.600     3.400     1.000     2.125     0.002     0.000     0.073     0.911     0.014     0.000     4.000
     3.200     3.800     1.000     2.750     0.000     0.000     0.011     0.989     0.000     0.000     4.000
     1.400     2.000     3.000     2.500     0.000     0.000     0.909     0.000     0.091     0.000     3.000
     2.000     1.800     3.000     4.000     0.000     0.000     1.000     0.000     0.000     0.000     3.000
     3.600     3.400     2.000     1.000     0.000     0.955     0.002     0.042     0.000     0.000     2.000
     3.800     3.400     1.000     1.625     0.002     0.000     0.017     0.980     0.001     0.000     4.000
     3.000     3.000     2.500     3.500     0.793     0.000     0.206     0.000     0.000     0.000     1.000
     1.400     2.200     2.500     2.750     0.000     0.000     0.957     0.000     0.043     0.000     3.000
     3.800     2.800     2.500     3.000     0.732     0.000     0.268     0.000     0.000     0.000     1.000
     3.000     2.000     1.250     1.625     0.000     0.000     0.589     0.000     0.411     0.000     3.000
     3.000     3.000     2.000     2.000     0.954     0.000     0.009     0.000     0.037     0.000     1.000
     1.600     2.600     2.500     1.500     0.001     0.000     0.473     0.000     0.526     0.000     5.000
     3.000     2.800     2.000     2.000     0.646     0.000     0.040     0.000     0.314     0.000     1.000
     3.000     2.400     2.500     2.750     0.000     0.000     0.943     0.000     0.057     0.000     3.000
     3.000     2.600     2.500     2.625     0.037     0.000     0.799     0.000     0.164     0.000     3.000
     3.000     4.000     2.750     1.250     0.000     0.002     0.022     0.976     0.000     0.000     4.000
     1.400     3.000     4.000     1.750     0.017     0.000     0.980     0.000     0.003     0.000     3.000
     2.800     3.000     1.250     2.875     0.972     0.000     0.027     0.001     0.000     0.000     1.000
     2.600     2.800     2.750     1.500     0.733     0.000     0.124     0.000     0.143     0.000     1.000
     2.600     4.000     2.000     2.000     0.000     0.000     0.014     0.986     0.000     0.000     4.000
     2.000     2.400     2.750     1.750     0.000     0.000     0.229     0.000     0.771     0.000     5.000
     2.600     2.200     2.000     2.375     0.000     0.000     0.291     0.000     0.709     0.000     5.000
     3.000     3.000     1.000     1.500     0.984     0.000     0.008     0.001     0.007     0.000     1.000
     2.600     3.000     2.000     1.250     0.976     0.002     0.016     0.001     0.006     0.000     1.000
     1.600     1.800     2.500     1.500     0.000     0.000     0.921     0.000     0.079     0.000     3.000
     3.400     3.000     2.500     2.625     0.973     0.000     0.026     0.000     0.001     0.000     1.000
     4.600     4.000     1.000     1.000     0.000     0.852     0.000     0.148     0.000     0.000     2.000
     3.200     3.000     2.000     2.000     0.963     0.000     0.008     0.001     0.028     0.000     1.000
     1.800     1.200     3.000     2.000     0.000     0.000     0.998     0.000     0.002     0.000     3.000
     1.800     2.600     2.000     2.250     0.001     0.000     0.151     0.000     0.848     0.000     5.000
     1.000     2.400     2.250     4.000     0.000     0.000     1.000     0.000     0.000     0.000     3.000
     1.600     3.000     1.500     1.125     0.139     0.813     0.046     0.000     0.003     0.000     2.000
     1.000     2.400     2.750     4.000     0.000     0.000     1.000     0.000     0.000     0.000     3.000
     3.000     2.800     3.000     2.625     0.861     0.000     0.131     0.000     0.007     0.000     1.000
     3.000     4.000     2.000     1.000     0.000     0.720     0.001     0.279     0.000     0.000     2.000
     3.000     3.000     2.750     2.500     0.965     0.000     0.031     0.000     0.004     0.000     1.000
     3.400     3.600     1.250     2.500     0.000     0.000     0.015     0.985     0.000     0.000     4.000
     2.800     3.000     2.500     1.875     0.931     0.000     0.015     0.000     0.053     0.000     1.000
     2.600     2.800     3.000     2.375     0.780     0.000     0.140     0.000     0.081     0.000     1.000
     2.250     2.400     2.500     3.125     0.000     0.000     1.000     0.000     0.000     0.000     3.000
     2.600     3.000         *     2.000     0.916     0.000     0.021     0.000     0.063     0.000     1.000
         *     2.500         *         *     0.000     0.053     0.403     0.000     0.544     0.000     5.000
     1.800     2.400     2.500     2.125     0.000     0.000     0.152     0.000     0.848     0.000     5.000
     2.600     2.500     2.500     2.250     0.000     0.000     0.172     0.000     0.828     0.000     5.000
     3.600     3.800     2.000     2.000     0.000     0.000     0.005     0.995     0.000     0.000     4.000
     2.800     3.000     2.750     3.250     0.831     0.000     0.169     0.000     0.000     0.000     1.000
     3.000     3.000     2.000     1.000     0.448     0.545     0.006     0.000     0.000     0.000     2.000
     2.600     4.000     1.000     2.125     0.000     0.000     0.004     0.996     0.000     0.000     4.000
     1.800     3.000         *         *     0.575     0.045     0.232     0.000     0.146     0.000     1.000
     2.200     2.800     2.500     3.125     0.622     0.000     0.378     0.000     0.000     0.000     1.000
     3.600     4.000     4.000     1.286     0.000     0.000     0.000     0.000     0.000     1.000     6.000
     1.000     2.600     1.000     2.500     0.000     0.000     0.871     0.000     0.129     0.000     3.000
     2.000     3.400     3.000     2.375     0.000     0.000     0.921     0.063     0.016     0.000     3.000
     2.200     2.400     2.750     1.750     0.000     0.000     0.206     0.000     0.794     0.000     5.000
     2.000     2.600     2.250     1.875     0.001     0.000     0.084     0.000     0.915     0.000     5.000
     2.200     1.800     2.000     2.375     0.000     0.000     0.638     0.000     0.362     0.000     3.000
     2.200     3.400     2.500     2.625     0.000     0.000     0.794     0.201     0.005     0.000     3.000
     3.400     4.000     2.000     2.500     0.000     0.000     0.012     0.988     0.000     0.000     4.000
     2.600     2.800     2.250     1.375     0.769     0.000     0.105     0.000     0.126     0.000     1.000
     3.000     3.400     2.000     2.000     0.002     0.000     0.098     0.851     0.049     0.000     4.000
     5.000     2.000     2.500     2.375     0.000     0.000     0.998     0.000     0.002     0.000     3.000
     1.400     2.200     2.000     2.000     0.000     0.000     0.181     0.000     0.819     0.000     5.000
     4.000     3.000     2.000     3.000     0.911     0.000     0.088     0.001     0.000     0.000     1.000
     1.800     1.200     1.250     2.125     0.000     0.000     0.996     0.000     0.004     0.000     3.000
     1.000     1.000     1.250     2.875     0.000     0.000     1.000     0.000     0.000     0.000     3.000
     3.200     2.400     2.000     2.286     0.000     0.000     0.258     0.000     0.742     0.000     5.000
     2.600     2.800     1.750     2.000     0.526     0.000     0.041     0.000     0.433     0.000     1.000
     2.600     3.000     1.750     2.500     0.973     0.000     0.020     0.000     0.007     0.000     1.000
     3.600     3.000     1.000     1.750     0.980     0.000     0.010     0.003     0.007     0.000     1.000
     2.000     2.000     2.000     2.000     0.000     0.000     0.193     0.000     0.807     0.000     5.000
     4.000     3.200     1.000     1.000     0.010     0.986     0.001     0.003     0.000     0.000     2.000
     2.600     3.000     2.000     2.375     0.960     0.000     0.019     0.000     0.021     0.000     1.000
     1.000     3.000     2.000     1.000     0.010     0.838     0.152     0.000     0.000     0.000     2.000
     4.200     2.800     2.000     3.000     0.481     0.000     0.519     0.000     0.000     0.000     3.000
     3.000     3.000     2.000     2.000     0.954     0.000     0.009     0.000     0.037     0.000     1.000
     2.600     3.000     2.000     2.000     0.911     0.000     0.013     0.000     0.076     0.000     1.000
     3.400     3.200     1.750     1.750     0.836     0.000     0.036     0.088     0.041     0.000     1.000
     3.000     3.000     2.000     2.000     0.954     0.000     0.009     0.000     0.037     0.000     1.000
         *     3.400         *         *     0.001     0.279     0.257     0.439     0.016     0.008     4.000
     3.000     3.000     2.000     2.000     0.954     0.000     0.009     0.000     0.037     0.000     1.000
     3.000     3.000     2.000     2.750     0.977     0.000     0.022     0.000     0.000     0.000     1.000
     3.000     3.000     2.000     2.625     0.981     0.000     0.018     0.000     0.001     0.000     1.000
     3.800     3.000     2.000     1.625     0.974     0.000     0.013     0.002     0.011     0.000     1.000
     3.000     3.000     1.000     2.625     0.983     0.000     0.016     0.001     0.000     0.000     1.000
     3.000     3.000     2.000     1.125     0.692     0.299     0.008     0.001     0.001     0.000     1.000
     2.200     2.400     1.000     2.250     0.000     0.000     0.297     0.000     0.703     0.000     5.000
     2.000     3.000     2.000     2.375     0.833     0.000     0.081     0.000     0.086     0.000     1.000
     3.600     2.600     2.500     2.875     0.018     0.000     0.978     0.000     0.003     0.000     3.000
     2.800     2.800     3.000     2.375     0.823     0.000     0.116     0.000     0.061     0.000     1.000
     2.200     2.400     2.250     2.250     0.000     0.000     0.137     0.000     0.863     0.000     5.000
     3.000     2.600     2.000     2.375     0.013     0.000     0.308     0.000     0.678     0.000     5.000
     2.400     3.600     1.250     1.125     0.000     0.545     0.007     0.448     0.000     0.000     2.000
     3.200     3.000     1.000     1.375     0.987     0.000     0.008     0.002     0.003     0.000     1.000
         *     1.600     3.000     3.375     0.000     0.000     1.000     0.000     0.000     0.000     3.000
     2.600     2.400     2.250     2.125     0.000     0.000     0.097     0.000     0.903     0.000     5.000
     3.000     3.000     2.750     1.875     0.949     0.000     0.017     0.000     0.033     0.000     1.000
     2.600     2.800     2.750     2.625     0.844     0.000     0.139     0.000     0.017     0.000     1.000
     2.800     3.600     1.000     1.750     0.000     0.000     0.007     0.992     0.001     0.000     4.000
     4.000     4.000     1.000     1.625     0.000     0.000     0.001     0.999     0.000     0.000     4.000
     3.000     2.600     3.250     1.500     0.011     0.000     0.773     0.000     0.216     0.000     3.000
     2.200     3.400     1.000     3.500     0.000     0.000     0.875     0.125     0.000     0.000     3.000
     3.200     3.000     2.000     2.000     0.963     0.000     0.008     0.001     0.028     0.000     1.000
     3.200     3.000     2.000     2.500     0.983     0.000     0.014     0.000     0.003     0.000     1.000
     3.000     3.000     2.250     2.000     0.950     0.000     0.010     0.000     0.039     0.000     1.000
     3.000     3.000     2.750     1.750     0.955     0.000     0.017     0.000     0.028     0.000     1.000
     2.800     4.000     2.000     2.625     0.000     0.000     0.035     0.965     0.000     0.000     4.000
     4.000     4.000     1.000     2.125     0.000     0.000     0.001     0.999     0.000     0.000     4.000
     1.500     2.400     2.500     3.250     0.000     0.000     1.000     0.000     0.000     0.000     3.000
     2.200     2.400     3.000     3.500     0.000     0.000     1.000     0.000     0.000     0.000     3.000
     3.000     3.400     1.000     2.500     0.002     0.000     0.083     0.915     0.001     0.000     4.000
     3.400     3.000     2.000     1.125     0.628     0.364     0.007     0.001     0.000     0.000     1.000
     2.600     1.800     2.000     2.625     0.000     0.000     0.928     0.000     0.072     0.000     3.000
     2.800     3.000     1.250     2.000     0.963     0.000     0.008     0.001     0.028     0.000     1.000
     1.400     4.000     1.000     1.500     0.000     0.000     0.049     0.951     0.000     0.000     4.000
     2.000     3.600     1.000     2.125     0.000     0.000     0.055     0.943     0.002     0.000     4.000
     3.000     3.000     1.000     2.125     0.981     0.000     0.009     0.001     0.009     0.000     1.000
     2.200     3.000     2.750     1.875     0.785     0.000     0.068     0.000     0.147     0.000     1.000
     1.800     2.200     2.000     2.000     0.000     0.000     0.119     0.000     0.881     0.000     5.000
     3.600     4.000     1.750     1.625     0.000     0.000     0.002     0.998     0.000     0.000     4.000
     2.600     2.800     2.500     1.500     0.712     0.000     0.097     0.000     0.190     0.000     1.000
     3.000     2.800     2.750     2.875     0.860     0.000     0.140     0.000     0.001     0.000     1.000
     2.400     3.000     2.750     2.625     0.900     0.000     0.095     0.000     0.005     0.000     1.000
     1.800     3.000     2.000     2.857     0.679     0.000     0.318     0.000     0.002     0.000     1.000
     4.000     3.000     4.000     2.000     0.740     0.000     0.259     0.000     0.001     0.000     1.000
     2.200     3.000     2.000     2.000     0.799     0.000     0.029     0.000     0.172     0.000     1.000
     2.000     1.000     2.000     2.000     0.000     0.000     0.999     0.000     0.001     0.000     3.000
     1.600     2.000     2.000     1.875     0.000     0.000     0.274     0.000     0.726     0.000     5.000
     3.200     3.000     1.750     2.125     0.973     0.000     0.008     0.001     0.018     0.000     1.000
     3.600     2.600     2.000     3.375     0.008     0.000     0.992     0.000     0.000     0.000     3.000
     1.600     3.800     2.250     1.714     0.000     0.000     0.242     0.756     0.002     0.000     4.000
     3.400     1.800     2.500     2.750     0.000     0.000     0.993     0.000     0.007     0.000     3.000
     3.400     3.000     2.333     2.000     0.966     0.000     0.011     0.001     0.023     0.000     1.000
     2.400     2.800     2.250     1.750     0.455     0.000     0.060     0.000     0.486     0.000     5.000
     2.800     3.000     2.000     1.429     0.975     0.000     0.010     0.001     0.014     0.000     1.000
     3.200     4.000     2.000     2.000     0.000     0.000     0.006     0.994     0.000     0.000     4.000
     3.250     3.200     2.250     1.500     0.855     0.000     0.055     0.062     0.028     0.000     1.000
     3.000     4.000     1.000     2.375     0.000     0.000     0.004     0.996     0.000     0.000     4.000
     2.000     2.800     1.000     2.125     0.423     0.000     0.137     0.000     0.440     0.000     5.000
     3.200     4.000     2.000     2.375     0.000     0.000     0.011     0.989     0.000     0.000     4.000
     3.800     3.200     2.000     2.625     0.697     0.000     0.193     0.109     0.001     0.000     1.000
     2.400     2.000     2.250     3.125     0.000     0.000     1.000     0.000     0.000     0.000     3.000
     2.600     1.000     2.250     2.000     0.000     0.000     0.999     0.000     0.001     0.000     3.000
     3.400     3.800     3.000     1.125     0.000     0.332     0.025     0.643     0.000     0.000     4.000
     1.600     2.000     2.250     1.000     0.000     0.205     0.794     0.000     0.001     0.000     3.000
     2.000     1.200     3.750     2.125     0.000     0.000     1.000     0.000     0.000     0.000     3.000
     1.800     1.800     3.000     2.125     0.000     0.000     0.764     0.000     0.236     0.000     3.000
     1.600     3.000     1.500     1.714     0.506     0.000     0.119     0.001     0.374     0.000     1.000
     2.200     2.400     1.250     2.250     0.000     0.000     0.204     0.000     0.796     0.000     5.000
     1.600     2.000     2.750     1.750     0.000     0.000     0.592     0.000     0.408     0.000     3.000
     3.000     2.800     2.000     1.000     0.091     0.891     0.017     0.000     0.000     0.000     2.000
     3.000     3.000     4.000     2.000     0.800     0.000     0.196     0.000     0.004     0.000     1.000
     2.400     2.400     4.000     2.500     0.000     0.000     0.989     0.000     0.011     0.000     3.000
     3.800     3.000     2.000     2.500     0.974     0.000     0.023     0.001     0.001     0.000     1.000
     2.600     2.800     3.000     3.000     0.731     0.000     0.269     0.000     0.000     0.000     1.000
     1.400     1.400     2.000     2.375     0.000     0.000     0.981     0.000     0.019     0.000     3.000
     3.400     4.000     2.000     1.125     0.000     0.249     0.002     0.749     0.000     0.000     4.000
     3.200     3.000     2.750     1.857     0.959     0.000     0.016     0.000     0.025     0.000     1.000
     1.000     1.000     3.000     1.250     0.000     0.000     1.000     0.000     0.000     0.000     3.000
     3.400     3.200     2.250     2.125     0.794     0.000     0.086     0.068     0.052     0.000     1.000
     1.600     2.000     2.500     1.500     0.000     0.000     0.789     0.000     0.211     0.000     3.000
     2.600     2.800     2.000     2.375     0.786     0.000     0.067     0.000     0.146     0.000     1.000
     2.800     2.800     2.000     2.625     0.905     0.000     0.078     0.000     0.016     0.000     1.000
     3.200     2.600     2.250     2.500     0.025     0.000     0.607     0.000     0.369     0.000     3.000
     1.600     2.000     3.750     3.375     0.000     0.000     1.000     0.000     0.000     0.000     3.000
     3.400     3.000     2.500     1.000     0.605     0.382     0.012     0.000     0.000     0.000     1.000
     3.400     3.000     3.000     1.375     0.973     0.000     0.025     0.000     0.002     0.000     1.000
     3.800     3.000     2.000     1.500     0.978     0.000     0.014     0.002     0.007     0.000     1.000
     3.000     2.600     2.000     2.125     0.005     0.000     0.115     0.000     0.880     0.000     5.000
     3.400     3.000     2.250     1.875     0.965     0.000     0.010     0.001     0.024     0.000     1.000
     3.200     1.800     1.250     1.125     0.000     0.837     0.163     0.000     0.000     0.000     2.000
     3.400     3.200     1.750     1.125     0.221     0.749     0.009     0.022     0.000     0.000     2.000
     2.600     1.800     2.750     3.000     0.000     0.000     0.999     0.000     0.001     0.000     3.000
     2.400     3.000     2.750     1.875     0.859     0.000     0.042     0.000     0.098     0.000     1.000
     2.800     4.000     1.000     1.429     0.000     0.000     0.001     0.999     0.000     0.000     4.000
     1.000     1.000     2.750     1.000     0.000     0.000     1.000     0.000     0.000     0.000     3.000
     2.500     2.600     2.000     2.250     0.005     0.000     0.128     0.000     0.867     0.000     5.000
     3.400     3.400     1.750     1.000     0.000     0.958     0.002     0.040     0.000     0.000     2.000
     1.800     3.000     2.500     2.125     0.536     0.000     0.159     0.000     0.304     0.000     1.000
     2.000     2.400     2.750     3.500     0.000     0.000     1.000     0.000     0.000     0.000     3.000
     3.400     3.400     1.750     2.375     0.002     0.000     0.088     0.907     0.003     0.000     4.000
     2.600     2.800     1.750     2.625     0.890     0.000     0.090     0.000     0.020     0.000     1.000
     3.200     3.000     1.750     2.000     0.967     0.000     0.007     0.001     0.025     0.000     1.000
     2.800     2.800     2.000     3.125     0.846     0.000     0.154     0.000     0.000     0.000     1.000
     2.200     2.600     2.250     1.500     0.003     0.000     0.244     0.000     0.753     0.000     5.000
     2.000     4.000     2.500     2.000     0.000     0.000     0.162     0.838     0.000     0.000     4.000
     2.400     1.000     1.500     2.000     0.000     0.000     0.999     0.000     0.001     0.000     3.000
     1.800     2.000     3.000     2.333     0.000     0.000     0.699     0.000     0.301     0.000     3.000
     2.600     3.000     2.750     1.625     0.933     0.000     0.029     0.000     0.038     0.000     1.000
     2.200     3.000     1.000     2.250     0.938     0.000     0.030     0.001     0.030     0.000     1.000
     2.200     1.800     2.000     3.000     0.000     0.000     0.999     0.000     0.001     0.000     3.000
     4.000     4.000     2.250     2.000     0.000     0.000     0.006     0.994     0.000     0.000     4.000
     2.500     2.400     2.250     2.750     0.000     0.000     0.901     0.000     0.099     0.000     3.000
     1.800     2.000     2.000     3.500     0.000     0.000     1.000     0.000     0.000     0.000     3.000
     2.400     3.000     1.000     2.500     0.969     0.000     0.026     0.001     0.004     0.000     1.000
     2.800     3.800     2.500     2.500     0.000     0.000     0.087     0.913     0.000     0.000     4.000
